cellnumber,    x-coordinate,    y-coordinate,    z-coordinate,total-temperature
         1,-6.200000048E-01,-3.900000095E+00, 1.480000019E+00, 2.967399292E+02
         1,-4.299999774E-01,-3.019999981E+00, 1.090000048E-01, 2.926281738E+02
         1,-6.199999452E-01,-3.200000048E+00, 8.799999952E-01, 2.966683350E+02
         1,-2.000002004E-02,-3.579999924E+00, 4.800000489E-01, 2.921624756E+02
         1,-6.400000453E-01,-4.050000191E+00, 5.199999809E-01, 2.963038635E+02
         1,-3.000000119E-01,-4.030000687E+00, 1.000000071E-02, 2.915759888E+02
         1,-9.299998879E-01,-4.449999809E+00, 8.799999952E-01, 2.922188721E+02
         1,-1.200000048E+00,-3.099999905E+00, 1.500000060E-01, 2.919304504E+02
         1,-1.200000048E+00,-4.199999809E+00, 4.999999702E-01, 2.922893677E+02
         1, 1.299999952E-01,-3.549999714E+00, 7.000000775E-02, 2.905731812E+02
         1,-9.200000763E-01,-3.599999905E+00, 1.779999971E+00, 2.957131042E+02
         1,-8.199999928E-01, 7.000000030E-02, 7.999999523E-01, 2.957726440E+02
         1,-3.100000024E-01, 5.600000024E-01, 7.999999076E-02, 2.919213562E+02
         1,-3.300000131E-01, 7.999999821E-02, 5.600000024E-01, 2.947132874E+02
         1,-6.200000048E-01,-2.499999851E-01, 8.000000119E-01, 2.956864014E+02
         1,-5.299999714E-01,-5.799999833E-01, 9.999999776E-03, 2.916389771E+02
         1,-9.999999776E-03,-7.500000000E-01, 3.899999857E-01, 2.916330566E+02
         1,-1.300000072E+00, 4.000000060E-01, 9.999998845E-03, 2.918330383E+02
         1,-1.399999976E+00,-5.199999809E-01, 5.000000000E-01, 2.920777893E+02
         1, 1.000000015E-01, 2.000000179E-01, 6.000000834E-01, 2.898666687E+02
         1,-8.199999928E-01,-1.700000048E+00, 8.000000119E-01, 2.967751160E+02
         1,-3.000000119E-01,-4.230000019E+00, 1.389999866E+00, 2.916922302E+02
         1,-1.999999955E-02,-1.230000138E+00, 8.000000119E-01, 2.929224548E+02
         1,-6.200000048E-01,-1.230000019E+00, 3.199999928E-01, 2.951949768E+02
         1,-7.200000286E-01,-2.400000095E+00, 3.199999928E-01, 2.967812500E+02
         1,-9.200000167E-01,-2.680000067E+00, 9.999999776E-03, 2.914013062E+02
         1,-9.999999776E-03,-2.450000048E+00, 8.799999952E-01, 2.923959351E+02
         1,-1.399999976E+00,-1.580000043E+00, 6.000000238E-01, 2.923274536E+02
         1,-1.250000119E+00,-2.400000095E+00, 2.500000000E-01, 2.921029053E+02
         1, 1.500000060E-01,-1.600000024E+00, 6.000000238E-01, 2.902489014E+02
         1,-6.199999452E-01,-1.320000052E+00, 1.330000043E+00, 2.953236084E+02
         1,-9.300000072E-01,-9.200000167E-01, 1.480000019E+00, 2.964838257E+02
         1,-9.999999776E-03,-2.799999952E+00, 1.240000010E+00, 2.920767822E+02
         1,-3.000000119E-01,-1.549999833E+00, 1.720000029E+00, 2.936998596E+02
         1,-1.000000047E-03, 1.599999964E-01, 1.389999986E+00, 2.921400146E+02
         1,-7.200000286E-01, 5.699999928E-01, 1.820000052E+00, 2.983040771E+02
         1,-4.199999869E-01,-1.199999973E-01, 1.240000010E+00, 2.931779175E+02
         1,-1.299999952E+00,-1.480000138E+00, 1.799999952E+00, 2.921019287E+02
         1,-1.500000000E+00, 3.000000119E-01, 1.399999976E+00, 2.925378418E+02
         1, 1.000000015E-01,-7.500000000E-01, 1.779999971E+00, 2.896188965E+02
         1, 1.299999803E-01,-2.299999714E+00, 1.299999833E+00, 2.905205383E+02
         1, 1.000000089E-01, 2.300000340E-01, 1.780000091E+00, 2.893874817E+02
         1, 1.299999952E-01,-4.230000019E+00, 7.000000030E-02, 2.896985474E+02
         1,-7.300000191E-01,-2.119999886E+00, 1.519999981E+00, 3.007823181E+02
         1, 1.000000089E-01,-6.999999881E-01, 6.000000238E-01, 2.897658386E+02
         1, 1.500000060E-01,-2.500000238E+00, 6.000000834E-01, 2.908166809E+02
         1,-6.200000048E-01,-2.880000114E+00, 1.870000005E+00, 2.930823669E+02
         1,-1.100000024E+00,-4.170000076E+00, 1.789999962E+00, 2.921124878E+02
         1,-1.299999952E+00,-2.550000191E+00, 1.580000043E+00, 2.918263855E+02
         1, 1.299999952E-01,-3.799999714E+00, 1.299999952E+00, 2.897489929E+02
