cellnumber,    x-coordinate,    y-coordinate,    z-coordinate,total-temperature
         1,-6.200000048E-01,-3.900000095E+00, 1.480000019E+00, 2.961479797E+02
         1,-4.299999774E-01,-3.019999981E+00, 1.090000048E-01, 2.923649902E+02
         1,-6.199999452E-01,-3.200000048E+00, 8.799999952E-01, 2.960966187E+02
         1,-2.000002004E-02,-3.579999924E+00, 4.800000489E-01, 2.914753418E+02
         1,-6.400000453E-01,-4.050000191E+00, 5.199999809E-01, 2.955667725E+02
         1,-3.000000119E-01,-4.030000687E+00, 1.000000071E-02, 2.911170349E+02
         1,-9.299998879E-01,-4.449999809E+00, 8.799999952E-01, 2.915072937E+02
         1,-1.200000048E+00,-3.099999905E+00, 1.500000060E-01, 2.921086426E+02
         1,-1.200000048E+00,-4.199999809E+00, 4.999999702E-01, 2.920723572E+02
         1, 1.299999952E-01,-3.549999714E+00, 7.000000775E-02, 2.906660156E+02
         1,-9.200000763E-01,-3.599999905E+00, 1.779999971E+00, 2.955651855E+02
         1,-8.199999928E-01, 7.000000030E-02, 7.999999523E-01, 2.959735413E+02
         1,-3.100000024E-01, 5.600000024E-01, 7.999999076E-02, 2.916287842E+02
         1,-3.300000131E-01, 7.999999821E-02, 5.600000024E-01, 2.945975037E+02
         1,-6.200000048E-01,-2.499999851E-01, 8.000000119E-01, 2.948509521E+02
         1,-5.299999714E-01,-5.799999833E-01, 9.999999776E-03, 2.910410461E+02
         1,-9.999999776E-03,-7.500000000E-01, 3.899999857E-01, 2.910140991E+02
         1,-1.300000072E+00, 4.000000060E-01, 9.999998845E-03, 2.916126404E+02
         1,-1.399999976E+00,-5.199999809E-01, 5.000000000E-01, 2.916456909E+02
         1, 1.000000015E-01, 2.000000179E-01, 6.000000834E-01, 2.908065491E+02
         1,-8.199999928E-01,-1.700000048E+00, 8.000000119E-01, 2.969543762E+02
         1,-3.000000119E-01,-4.230000019E+00, 1.389999866E+00, 2.908277893E+02
         1,-1.999999955E-02,-1.230000138E+00, 8.000000119E-01, 2.927458496E+02
         1,-6.200000048E-01,-1.230000019E+00, 3.199999928E-01, 2.951828308E+02
         1,-7.200000286E-01,-2.400000095E+00, 3.199999928E-01, 2.968647766E+02
         1,-9.200000167E-01,-2.680000067E+00, 9.999999776E-03, 2.906499329E+02
         1,-9.999999776E-03,-2.450000048E+00, 8.799999952E-01, 2.914638367E+02
         1,-1.399999976E+00,-1.580000043E+00, 6.000000238E-01, 2.919680786E+02
         1,-1.250000119E+00,-2.400000095E+00, 2.500000000E-01, 2.922214050E+02
         1, 1.500000060E-01,-1.600000024E+00, 6.000000238E-01, 2.908354797E+02
         1,-6.199999452E-01,-1.320000052E+00, 1.330000043E+00, 2.951125183E+02
         1,-9.300000072E-01,-9.200000167E-01, 1.480000019E+00, 2.957151489E+02
         1,-9.999999776E-03,-2.799999952E+00, 1.240000010E+00, 2.913502197E+02
         1,-3.000000119E-01,-1.549999833E+00, 1.720000029E+00, 2.931034851E+02
         1,-1.000000047E-03, 1.599999964E-01, 1.389999986E+00, 2.914714050E+02
         1,-7.200000286E-01, 5.699999928E-01, 1.820000052E+00, 2.982597656E+02
         1,-4.199999869E-01,-1.199999973E-01, 1.240000010E+00, 2.923670654E+02
         1,-1.299999952E+00,-1.480000138E+00, 1.799999952E+00, 2.920273438E+02
         1,-1.500000000E+00, 3.000000119E-01, 1.399999976E+00, 2.916386108E+02
         1, 1.000000015E-01,-7.500000000E-01, 1.779999971E+00, 2.893587646E+02
         1, 1.299999803E-01,-2.299999714E+00, 1.299999833E+00, 2.911815186E+02
         1, 1.000000089E-01, 2.300000340E-01, 1.780000091E+00, 2.891375732E+02
         1, 1.299999952E-01,-4.230000019E+00, 7.000000030E-02, 2.899707642E+02
         1,-7.300000191E-01,-2.119999886E+00, 1.519999981E+00, 3.007052917E+02
         1, 1.000000089E-01,-6.999999881E-01, 6.000000238E-01, 2.904939270E+02
         1, 1.500000060E-01,-2.500000238E+00, 6.000000834E-01, 2.911086121E+02
         1,-6.200000048E-01,-2.880000114E+00, 1.870000005E+00, 2.921480408E+02
         1,-1.100000024E+00,-4.170000076E+00, 1.789999962E+00, 2.915808411E+02
         1,-1.299999952E+00,-2.550000191E+00, 1.580000043E+00, 2.921428528E+02
         1, 1.299999952E-01,-3.799999714E+00, 1.299999952E+00, 2.902528381E+02
