cellnumber,    x-coordinate,    y-coordinate,    z-coordinate,total-temperature
         1,-6.200000048E-01,-3.900000095E+00, 1.480000019E+00, 2.955946960E+02
         1,-4.299999774E-01,-3.019999981E+00, 1.090000048E-01, 2.922131653E+02
         1,-6.199999452E-01,-3.200000048E+00, 8.799999952E-01, 2.956804810E+02
         1,-2.000002004E-02,-3.579999924E+00, 4.800000489E-01, 2.906958008E+02
         1,-6.400000453E-01,-4.050000191E+00, 5.199999809E-01, 2.949649658E+02
         1,-3.000000119E-01,-4.030000687E+00, 1.000000071E-02, 2.913372803E+02
         1,-9.299998879E-01,-4.449999809E+00, 8.799999952E-01, 2.907665100E+02
         1,-1.200000048E+00,-3.099999905E+00, 1.500000060E-01, 2.921066589E+02
         1,-1.200000048E+00,-4.199999809E+00, 4.999999702E-01, 2.920126648E+02
         1, 1.299999952E-01,-3.549999714E+00, 7.000000775E-02, 2.911873169E+02
         1,-9.200000763E-01,-3.599999905E+00, 1.779999971E+00, 2.955550537E+02
         1,-8.199999928E-01, 7.000000030E-02, 7.999999523E-01, 2.963860779E+02
         1,-3.100000024E-01, 5.600000024E-01, 7.999999076E-02, 2.915383301E+02
         1,-3.300000131E-01, 7.999999821E-02, 5.600000024E-01, 2.947249756E+02
         1,-6.200000048E-01,-2.499999851E-01, 8.000000119E-01, 2.941156921E+02
         1,-5.299999714E-01,-5.799999833E-01, 9.999999776E-03, 2.905775757E+02
         1,-9.999999776E-03,-7.500000000E-01, 3.899999857E-01, 2.904839783E+02
         1,-1.300000072E+00, 4.000000060E-01, 9.999998845E-03, 2.920238342E+02
         1,-1.399999976E+00,-5.199999809E-01, 5.000000000E-01, 2.919875793E+02
         1, 1.000000015E-01, 2.000000179E-01, 6.000000834E-01, 2.920722961E+02
         1,-8.199999928E-01,-1.700000048E+00, 8.000000119E-01, 2.974734802E+02
         1,-3.000000119E-01,-4.230000019E+00, 1.389999866E+00, 2.898563538E+02
         1,-1.999999955E-02,-1.230000138E+00, 8.000000119E-01, 2.927196655E+02
         1,-6.200000048E-01,-1.230000019E+00, 3.199999928E-01, 2.954813538E+02
         1,-7.200000286E-01,-2.400000095E+00, 3.199999928E-01, 2.973147278E+02
         1,-9.200000167E-01,-2.680000067E+00, 9.999999776E-03, 2.897375488E+02
         1,-9.999999776E-03,-2.450000048E+00, 8.799999952E-01, 2.905613098E+02
         1,-1.399999976E+00,-1.580000043E+00, 6.000000238E-01, 2.920751343E+02
         1,-1.250000119E+00,-2.400000095E+00, 2.500000000E-01, 2.921577759E+02
         1, 1.500000060E-01,-1.600000024E+00, 6.000000238E-01, 2.921794128E+02
         1,-6.199999452E-01,-1.320000052E+00, 1.330000043E+00, 2.951125488E+02
         1,-9.300000072E-01,-9.200000167E-01, 1.480000019E+00, 2.953278809E+02
         1,-9.999999776E-03,-2.799999952E+00, 1.240000010E+00, 2.906362915E+02
         1,-3.000000119E-01,-1.549999833E+00, 1.720000029E+00, 2.925405884E+02
         1,-1.000000047E-03, 1.599999964E-01, 1.389999986E+00, 2.909200745E+02
         1,-7.200000286E-01, 5.699999928E-01, 1.820000052E+00, 2.986535339E+02
         1,-4.199999869E-01,-1.199999973E-01, 1.240000010E+00, 2.916785889E+02
         1,-1.299999952E+00,-1.480000138E+00, 1.799999952E+00, 2.924408264E+02
         1,-1.500000000E+00, 3.000000119E-01, 1.399999976E+00, 2.920363159E+02
         1, 1.000000015E-01,-7.500000000E-01, 1.779999971E+00, 2.889144287E+02
         1, 1.299999803E-01,-2.299999714E+00, 1.299999833E+00, 2.921002197E+02
         1, 1.000000089E-01, 2.300000340E-01, 1.780000091E+00, 2.888424683E+02
         1, 1.299999952E-01,-4.230000019E+00, 7.000000030E-02, 2.908522339E+02
         1,-7.300000191E-01,-2.119999886E+00, 1.519999981E+00, 3.007493896E+02
         1, 1.000000089E-01,-6.999999881E-01, 6.000000238E-01, 2.924435120E+02
         1, 1.500000060E-01,-2.500000238E+00, 6.000000834E-01, 2.926172791E+02
         1,-6.200000048E-01,-2.880000114E+00, 1.870000005E+00, 2.913419189E+02
         1,-1.100000024E+00,-4.170000076E+00, 1.789999962E+00, 2.911080933E+02
         1,-1.299999952E+00,-2.550000191E+00, 1.580000043E+00, 2.921307068E+02
         1, 1.299999952E-01,-3.799999714E+00, 1.299999952E+00, 2.910533752E+02
