cellnumber,    x-coordinate,    y-coordinate,    z-coordinate,total-temperature
         1,-6.200000048E-01,-3.900000095E+00, 1.480000019E+00, 2.965089111E+02
         1,-4.299999774E-01,-3.019999981E+00, 1.090000048E-01, 2.924994812E+02
         1,-6.199999452E-01,-3.200000048E+00, 8.799999952E-01, 2.963919067E+02
         1,-2.000002004E-02,-3.579999924E+00, 4.800000489E-01, 2.919015503E+02
         1,-6.400000453E-01,-4.050000191E+00, 5.199999809E-01, 2.961666565E+02
         1,-3.000000119E-01,-4.030000687E+00, 1.000000071E-02, 2.915588379E+02
         1,-9.299998879E-01,-4.449999809E+00, 8.799999952E-01, 2.919507751E+02
         1,-1.200000048E+00,-3.099999905E+00, 1.500000060E-01, 2.922912598E+02
         1,-1.200000048E+00,-4.199999809E+00, 4.999999702E-01, 2.915431213E+02
         1, 1.299999952E-01,-3.549999714E+00, 7.000000775E-02, 2.903661194E+02
         1,-9.200000763E-01,-3.599999905E+00, 1.779999971E+00, 2.956364746E+02
         1,-8.199999928E-01, 7.000000030E-02, 7.999999523E-01, 2.958142090E+02
         1,-3.100000024E-01, 5.600000024E-01, 7.999999076E-02, 2.917779236E+02
         1,-3.300000131E-01, 7.999999821E-02, 5.600000024E-01, 2.946357117E+02
         1,-6.200000048E-01,-2.499999851E-01, 8.000000119E-01, 2.953734741E+02
         1,-5.299999714E-01,-5.799999833E-01, 9.999999776E-03, 2.913827515E+02
         1,-9.999999776E-03,-7.500000000E-01, 3.899999857E-01, 2.913791504E+02
         1,-1.300000072E+00, 4.000000060E-01, 9.999998845E-03, 2.919595032E+02
         1,-1.399999976E+00,-5.199999809E-01, 5.000000000E-01, 2.920698853E+02
         1, 1.000000015E-01, 2.000000179E-01, 6.000000834E-01, 2.898365479E+02
         1,-8.199999928E-01,-1.700000048E+00, 8.000000119E-01, 2.968097534E+02
         1,-3.000000119E-01,-4.230000019E+00, 1.389999866E+00, 2.913285522E+02
         1,-1.999999955E-02,-1.230000138E+00, 8.000000119E-01, 2.928318176E+02
         1,-6.200000048E-01,-1.230000019E+00, 3.199999928E-01, 2.951580811E+02
         1,-7.200000286E-01,-2.400000095E+00, 3.199999928E-01, 2.967759705E+02
         1,-9.200000167E-01,-2.680000067E+00, 9.999999776E-03, 2.910986633E+02
         1,-9.999999776E-03,-2.450000048E+00, 8.799999952E-01, 2.920523376E+02
         1,-1.399999976E+00,-1.580000043E+00, 6.000000238E-01, 2.920466003E+02
         1,-1.250000119E+00,-2.400000095E+00, 2.500000000E-01, 2.923893127E+02
         1, 1.500000060E-01,-1.600000024E+00, 6.000000238E-01, 2.911191711E+02
         1,-6.199999452E-01,-1.320000052E+00, 1.330000043E+00, 2.952169495E+02
         1,-9.300000072E-01,-9.200000167E-01, 1.480000019E+00, 2.961543274E+02
         1,-9.999999776E-03,-2.799999952E+00, 1.240000010E+00, 2.917839355E+02
         1,-3.000000119E-01,-1.549999833E+00, 1.720000029E+00, 2.934596252E+02
         1,-1.000000047E-03, 1.599999964E-01, 1.389999986E+00, 2.918609314E+02
         1,-7.200000286E-01, 5.699999928E-01, 1.820000052E+00, 2.982567444E+02
         1,-4.199999869E-01,-1.199999973E-01, 1.240000010E+00, 2.928474731E+02
         1,-1.299999952E+00,-1.480000138E+00, 1.799999952E+00, 2.919742432E+02
         1,-1.500000000E+00, 3.000000119E-01, 1.399999976E+00, 2.921028137E+02
         1, 1.000000015E-01,-7.500000000E-01, 1.779999971E+00, 2.895142212E+02
         1, 1.299999803E-01,-2.299999714E+00, 1.299999833E+00, 2.906609497E+02
         1, 1.000000089E-01, 2.300000340E-01, 1.780000091E+00, 2.892886963E+02
         1, 1.299999952E-01,-4.230000019E+00, 7.000000030E-02, 2.902168274E+02
         1,-7.300000191E-01,-2.119999886E+00, 1.519999981E+00, 3.007349548E+02
         1, 1.000000089E-01,-6.999999881E-01, 6.000000238E-01, 2.899867554E+02
         1, 1.500000060E-01,-2.500000238E+00, 6.000000834E-01, 2.907357483E+02
         1,-6.200000048E-01,-2.880000114E+00, 1.870000005E+00, 2.927043152E+02
         1,-1.100000024E+00,-4.170000076E+00, 1.789999962E+00, 2.919150085E+02
         1,-1.299999952E+00,-2.550000191E+00, 1.580000043E+00, 2.927162781E+02
         1, 1.299999952E-01,-3.799999714E+00, 1.299999952E+00, 2.897041016E+02
