cellnumber,    x-coordinate,    y-coordinate,    z-coordinate,total-temperature
         1,-6.200000048E-01,-3.900000095E+00, 1.480000019E+00, 2.957149658E+02
         1,-4.299999774E-01,-3.019999981E+00, 1.090000048E-01, 2.922402649E+02
         1,-6.199999452E-01,-3.200000048E+00, 8.799999952E-01, 2.957472839E+02
         1,-2.000002004E-02,-3.579999924E+00, 4.800000489E-01, 2.909212036E+02
         1,-6.400000453E-01,-4.050000191E+00, 5.199999809E-01, 2.948597412E+02
         1,-3.000000119E-01,-4.030000687E+00, 1.000000071E-02, 2.914225769E+02
         1,-9.299998879E-01,-4.449999809E+00, 8.799999952E-01, 2.909177246E+02
         1,-1.200000048E+00,-3.099999905E+00, 1.500000060E-01, 2.921807556E+02
         1,-1.200000048E+00,-4.199999809E+00, 4.999999702E-01, 2.920903931E+02
         1, 1.299999952E-01,-3.549999714E+00, 7.000000775E-02, 2.914572754E+02
         1,-9.200000763E-01,-3.599999905E+00, 1.779999971E+00, 2.955469360E+02
         1,-8.199999928E-01, 7.000000030E-02, 7.999999523E-01, 2.962822266E+02
         1,-3.100000024E-01, 5.600000024E-01, 7.999999076E-02, 2.915423279E+02
         1,-3.300000131E-01, 7.999999821E-02, 5.600000024E-01, 2.946513367E+02
         1,-6.200000048E-01,-2.499999851E-01, 8.000000119E-01, 2.943137512E+02
         1,-5.299999714E-01,-5.799999833E-01, 9.999999776E-03, 2.906681519E+02
         1,-9.999999776E-03,-7.500000000E-01, 3.899999857E-01, 2.906056213E+02
         1,-1.300000072E+00, 4.000000060E-01, 9.999998845E-03, 2.920466614E+02
         1,-1.399999976E+00,-5.199999809E-01, 5.000000000E-01, 2.919960938E+02
         1, 1.000000015E-01, 2.000000179E-01, 6.000000834E-01, 2.910780334E+02
         1,-8.199999928E-01,-1.700000048E+00, 8.000000119E-01, 2.973325195E+02
         1,-3.000000119E-01,-4.230000019E+00, 1.389999866E+00, 2.900903625E+02
         1,-1.999999955E-02,-1.230000138E+00, 8.000000119E-01, 2.927053833E+02
         1,-6.200000048E-01,-1.230000019E+00, 3.199999928E-01, 2.953876648E+02
         1,-7.200000286E-01,-2.400000095E+00, 3.199999928E-01, 2.971753235E+02
         1,-9.200000167E-01,-2.680000067E+00, 9.999999776E-03, 2.899676514E+02
         1,-9.999999776E-03,-2.450000048E+00, 8.799999952E-01, 2.907298889E+02
         1,-1.399999976E+00,-1.580000043E+00, 6.000000238E-01, 2.921006775E+02
         1,-1.250000119E+00,-2.400000095E+00, 2.500000000E-01, 2.923294067E+02
         1, 1.500000060E-01,-1.600000024E+00, 6.000000238E-01, 2.923427734E+02
         1,-6.199999452E-01,-1.320000052E+00, 1.330000043E+00, 2.950934143E+02
         1,-9.300000072E-01,-9.200000167E-01, 1.480000019E+00, 2.954300537E+02
         1,-9.999999776E-03,-2.799999952E+00, 1.240000010E+00, 2.907859497E+02
         1,-3.000000119E-01,-1.549999833E+00, 1.720000029E+00, 2.926363831E+02
         1,-1.000000047E-03, 1.599999964E-01, 1.389999986E+00, 2.911224670E+02
         1,-7.200000286E-01, 5.699999928E-01, 1.820000052E+00, 2.985057678E+02
         1,-4.199999869E-01,-1.199999973E-01, 1.240000010E+00, 2.918208313E+02
         1,-1.299999952E+00,-1.480000138E+00, 1.799999952E+00, 2.921852417E+02
         1,-1.500000000E+00, 3.000000119E-01, 1.399999976E+00, 2.920656128E+02
         1, 1.000000015E-01,-7.500000000E-01, 1.779999971E+00, 2.890229187E+02
         1, 1.299999803E-01,-2.299999714E+00, 1.299999833E+00, 2.920908203E+02
         1, 1.000000089E-01, 2.300000340E-01, 1.780000091E+00, 2.889535522E+02
         1, 1.299999952E-01,-4.230000019E+00, 7.000000030E-02, 2.917137451E+02
         1,-7.300000191E-01,-2.119999886E+00, 1.519999981E+00, 3.007331238E+02
         1, 1.000000089E-01,-6.999999881E-01, 6.000000238E-01, 2.916233215E+02
         1, 1.500000060E-01,-2.500000238E+00, 6.000000834E-01, 2.923284302E+02
         1,-6.200000048E-01,-2.880000114E+00, 1.870000005E+00, 2.915169678E+02
         1,-1.100000024E+00,-4.170000076E+00, 1.789999962E+00, 2.921086121E+02
         1,-1.299999952E+00,-2.550000191E+00, 1.580000043E+00, 2.921526489E+02
         1, 1.299999952E-01,-3.799999714E+00, 1.299999952E+00, 2.916094055E+02
