cellnumber,    x-coordinate,    y-coordinate,    z-coordinate,total-temperature
         1,-6.200000048E-01,-3.900000095E+00, 1.480000019E+00, 2.959169617E+02
         1,-4.299999774E-01,-3.019999981E+00, 1.090000048E-01, 2.923070068E+02
         1,-6.199999452E-01,-3.200000048E+00, 8.799999952E-01, 2.959512939E+02
         1,-2.000002004E-02,-3.579999924E+00, 4.800000489E-01, 2.911834412E+02
         1,-6.400000453E-01,-4.050000191E+00, 5.199999809E-01, 2.952708130E+02
         1,-3.000000119E-01,-4.030000687E+00, 1.000000071E-02, 2.913643188E+02
         1,-9.299998879E-01,-4.449999809E+00, 8.799999952E-01, 2.912159729E+02
         1,-1.200000048E+00,-3.099999905E+00, 1.500000060E-01, 2.920993652E+02
         1,-1.200000048E+00,-4.199999809E+00, 4.999999702E-01, 2.919261475E+02
         1, 1.299999952E-01,-3.549999714E+00, 7.000000775E-02, 2.910525513E+02
         1,-9.200000763E-01,-3.599999905E+00, 1.779999971E+00, 2.955330811E+02
         1,-8.199999928E-01, 7.000000030E-02, 7.999999523E-01, 2.961151733E+02
         1,-3.100000024E-01, 5.600000024E-01, 7.999999076E-02, 2.915710754E+02
         1,-3.300000131E-01, 7.999999821E-02, 5.600000024E-01, 2.946090698E+02
         1,-6.200000048E-01,-2.499999851E-01, 8.000000119E-01, 2.945718079E+02
         1,-5.299999714E-01,-5.799999833E-01, 9.999999776E-03, 2.908531799E+02
         1,-9.999999776E-03,-7.500000000E-01, 3.899999857E-01, 2.908219604E+02
         1,-1.300000072E+00, 4.000000060E-01, 9.999998845E-03, 2.916249390E+02
         1,-1.399999976E+00,-5.199999809E-01, 5.000000000E-01, 2.917854309E+02
         1, 1.000000015E-01, 2.000000179E-01, 6.000000834E-01, 2.913406982E+02
         1,-8.199999928E-01,-1.700000048E+00, 8.000000119E-01, 2.970926514E+02
         1,-3.000000119E-01,-4.230000019E+00, 1.389999866E+00, 2.905450439E+02
         1,-1.999999955E-02,-1.230000138E+00, 8.000000119E-01, 2.927138672E+02
         1,-6.200000048E-01,-1.230000019E+00, 3.199999928E-01, 2.952502747E+02
         1,-7.200000286E-01,-2.400000095E+00, 3.199999928E-01, 2.969685669E+02
         1,-9.200000167E-01,-2.680000067E+00, 9.999999776E-03, 2.903764343E+02
         1,-9.999999776E-03,-2.450000048E+00, 8.799999952E-01, 2.911420288E+02
         1,-1.399999976E+00,-1.580000043E+00, 6.000000238E-01, 2.921653748E+02
         1,-1.250000119E+00,-2.400000095E+00, 2.500000000E-01, 2.920917969E+02
         1, 1.500000060E-01,-1.600000024E+00, 6.000000238E-01, 2.922027893E+02
         1,-6.199999452E-01,-1.320000052E+00, 1.330000043E+00, 2.950822144E+02
         1,-9.300000072E-01,-9.200000167E-01, 1.480000019E+00, 2.955939026E+02
         1,-9.999999776E-03,-2.799999952E+00, 1.240000010E+00, 2.910767517E+02
         1,-3.000000119E-01,-1.549999833E+00, 1.720000029E+00, 2.928728638E+02
         1,-1.000000047E-03, 1.599999964E-01, 1.389999986E+00, 2.912667847E+02
         1,-7.200000286E-01, 5.699999928E-01, 1.820000052E+00, 2.983118591E+02
         1,-4.199999869E-01,-1.199999973E-01, 1.240000010E+00, 2.920775452E+02
         1,-1.299999952E+00,-1.480000138E+00, 1.799999952E+00, 2.918535767E+02
         1,-1.500000000E+00, 3.000000119E-01, 1.399999976E+00, 2.917631836E+02
         1, 1.000000015E-01,-7.500000000E-01, 1.779999971E+00, 2.892199402E+02
         1, 1.299999803E-01,-2.299999714E+00, 1.299999833E+00, 2.913277283E+02
         1, 1.000000089E-01, 2.300000340E-01, 1.780000091E+00, 2.890457764E+02
         1, 1.299999952E-01,-4.230000019E+00, 7.000000030E-02, 2.915830383E+02
         1,-7.300000191E-01,-2.119999886E+00, 1.519999981E+00, 3.007033386E+02
         1, 1.000000089E-01,-6.999999881E-01, 6.000000238E-01, 2.910370789E+02
         1, 1.500000060E-01,-2.500000238E+00, 6.000000834E-01, 2.922606201E+02
         1,-6.200000048E-01,-2.880000114E+00, 1.870000005E+00, 2.918128357E+02
         1,-1.100000024E+00,-4.170000076E+00, 1.789999962E+00, 2.915120850E+02
         1,-1.299999952E+00,-2.550000191E+00, 1.580000043E+00, 2.918506775E+02
         1, 1.299999952E-01,-3.799999714E+00, 1.299999952E+00, 2.912991028E+02
