cellnumber,    x-coordinate,    y-coordinate,    z-coordinate,total-temperature
         1,-6.200000048E-01,-3.900000095E+00, 1.480000019E+00, 2.964358521E+02
         1,-4.299999774E-01,-3.019999981E+00, 1.090000048E-01, 2.924662781E+02
         1,-6.199999452E-01,-3.200000048E+00, 8.799999952E-01, 2.963212280E+02
         1,-2.000002004E-02,-3.579999924E+00, 4.800000489E-01, 2.917940063E+02
         1,-6.400000453E-01,-4.050000191E+00, 5.199999809E-01, 2.959723816E+02
         1,-3.000000119E-01,-4.030000687E+00, 1.000000071E-02, 2.915778809E+02
         1,-9.299998879E-01,-4.449999809E+00, 8.799999952E-01, 2.918666382E+02
         1,-1.200000048E+00,-3.099999905E+00, 1.500000060E-01, 2.925211792E+02
         1,-1.200000048E+00,-4.199999809E+00, 4.999999702E-01, 2.918374939E+02
         1, 1.299999952E-01,-3.549999714E+00, 7.000000775E-02, 2.901241760E+02
         1,-9.200000763E-01,-3.599999905E+00, 1.779999971E+00, 2.956183167E+02
         1,-8.199999928E-01, 7.000000030E-02, 7.999999523E-01, 2.958381958E+02
         1,-3.100000024E-01, 5.600000024E-01, 7.999999076E-02, 2.917407837E+02
         1,-3.300000131E-01, 7.999999821E-02, 5.600000024E-01, 2.946204224E+02
         1,-6.200000048E-01,-2.499999851E-01, 8.000000119E-01, 2.952695007E+02
         1,-5.299999714E-01,-5.799999833E-01, 9.999999776E-03, 2.913080139E+02
         1,-9.999999776E-03,-7.500000000E-01, 3.899999857E-01, 2.913019409E+02
         1,-1.300000072E+00, 4.000000060E-01, 9.999998845E-03, 2.920308533E+02
         1,-1.399999976E+00,-5.199999809E-01, 5.000000000E-01, 2.920941772E+02
         1, 1.000000015E-01, 2.000000179E-01, 6.000000834E-01, 2.898898010E+02
         1,-8.199999928E-01,-1.700000048E+00, 8.000000119E-01, 2.968310547E+02
         1,-3.000000119E-01,-4.230000019E+00, 1.389999866E+00, 2.912243042E+02
         1,-1.999999955E-02,-1.230000138E+00, 8.000000119E-01, 2.928094788E+02
         1,-6.200000048E-01,-1.230000019E+00, 3.199999928E-01, 2.951555176E+02
         1,-7.200000286E-01,-2.400000095E+00, 3.199999928E-01, 2.967847900E+02
         1,-9.200000167E-01,-2.680000067E+00, 9.999999776E-03, 2.910055847E+02
         1,-9.999999776E-03,-2.450000048E+00, 8.799999952E-01, 2.919493713E+02
         1,-1.399999976E+00,-1.580000043E+00, 6.000000238E-01, 2.920523987E+02
         1,-1.250000119E+00,-2.400000095E+00, 2.500000000E-01, 2.925505066E+02
         1, 1.500000060E-01,-1.600000024E+00, 6.000000238E-01, 2.912806091E+02
         1,-6.199999452E-01,-1.320000052E+00, 1.330000043E+00, 2.951899109E+02
         1,-9.300000072E-01,-9.200000167E-01, 1.480000019E+00, 2.960587463E+02
         1,-9.999999776E-03,-2.799999952E+00, 1.240000010E+00, 2.916967468E+02
         1,-3.000000119E-01,-1.549999833E+00, 1.720000029E+00, 2.933873901E+02
         1,-1.000000047E-03, 1.599999964E-01, 1.389999986E+00, 2.917778625E+02
         1,-7.200000286E-01, 5.699999928E-01, 1.820000052E+00, 2.982505188E+02
         1,-4.199999869E-01,-1.199999973E-01, 1.240000010E+00, 2.927472534E+02
         1,-1.299999952E+00,-1.480000138E+00, 1.799999952E+00, 2.921450500E+02
         1,-1.500000000E+00, 3.000000119E-01, 1.399999976E+00, 2.920585022E+02
         1, 1.000000015E-01,-7.500000000E-01, 1.779999971E+00, 2.894851074E+02
         1, 1.299999803E-01,-2.299999714E+00, 1.299999833E+00, 2.914534607E+02
         1, 1.000000089E-01, 2.300000340E-01, 1.780000091E+00, 2.892563782E+02
         1, 1.299999952E-01,-4.230000019E+00, 7.000000030E-02, 2.906343689E+02
         1,-7.300000191E-01,-2.119999886E+00, 1.519999981E+00, 3.007254028E+02
         1, 1.000000089E-01,-6.999999881E-01, 6.000000238E-01, 2.902894287E+02
         1, 1.500000060E-01,-2.500000238E+00, 6.000000834E-01, 2.904466858E+02
         1,-6.200000048E-01,-2.880000114E+00, 1.870000005E+00, 2.925888977E+02
         1,-1.100000024E+00,-4.170000076E+00, 1.789999962E+00, 2.923815308E+02
         1,-1.299999952E+00,-2.550000191E+00, 1.580000043E+00, 2.924530640E+02
         1, 1.299999952E-01,-3.799999714E+00, 1.299999952E+00, 2.894779663E+02
