cellnumber,    x-coordinate,    y-coordinate,    z-coordinate,total-temperature
         1,-6.200000048E-01,-3.900000095E+00, 1.480000019E+00, 2.954968262E+02
         1,-4.299999774E-01,-3.019999981E+00, 1.090000048E-01, 2.922007141E+02
         1,-6.199999452E-01,-3.200000048E+00, 8.799999952E-01, 2.956529541E+02
         1,-2.000002004E-02,-3.579999924E+00, 4.800000489E-01, 2.905320129E+02
         1,-6.400000453E-01,-4.050000191E+00, 5.199999809E-01, 2.948021545E+02
         1,-3.000000119E-01,-4.030000687E+00, 1.000000071E-02, 2.913997192E+02
         1,-9.299998879E-01,-4.449999809E+00, 8.799999952E-01, 2.906453247E+02
         1,-1.200000048E+00,-3.099999905E+00, 1.500000060E-01, 2.921063843E+02
         1,-1.200000048E+00,-4.199999809E+00, 4.999999702E-01, 2.920304565E+02
         1, 1.299999952E-01,-3.549999714E+00, 7.000000775E-02, 2.911837769E+02
         1,-9.200000763E-01,-3.599999905E+00, 1.779999971E+00, 2.955743103E+02
         1,-8.199999928E-01, 7.000000030E-02, 7.999999523E-01, 2.964663391E+02
         1,-3.100000024E-01, 5.600000024E-01, 7.999999076E-02, 2.915405273E+02
         1,-3.300000131E-01, 7.999999821E-02, 5.600000024E-01, 2.947861023E+02
         1,-6.200000048E-01,-2.499999851E-01, 8.000000119E-01, 2.939718933E+02
         1,-5.299999714E-01,-5.799999833E-01, 9.999999776E-03, 2.905207520E+02
         1,-9.999999776E-03,-7.500000000E-01, 3.899999857E-01, 2.903944702E+02
         1,-1.300000072E+00, 4.000000060E-01, 9.999998845E-03, 2.922076111E+02
         1,-1.399999976E+00,-5.199999809E-01, 5.000000000E-01, 2.918927917E+02
         1, 1.000000015E-01, 2.000000179E-01, 6.000000834E-01, 2.935263672E+02
         1,-8.199999928E-01,-1.700000048E+00, 8.000000119E-01, 2.975875549E+02
         1,-3.000000119E-01,-4.230000019E+00, 1.389999866E+00, 2.896716003E+02
         1,-1.999999955E-02,-1.230000138E+00, 8.000000119E-01, 2.927344055E+02
         1,-6.200000048E-01,-1.230000019E+00, 3.199999928E-01, 2.955473938E+02
         1,-7.200000286E-01,-2.400000095E+00, 3.199999928E-01, 2.974040833E+02
         1,-9.200000167E-01,-2.680000067E+00, 9.999999776E-03, 2.895816040E+02
         1,-9.999999776E-03,-2.450000048E+00, 8.799999952E-01, 2.904192810E+02
         1,-1.399999976E+00,-1.580000043E+00, 6.000000238E-01, 2.921041260E+02
         1,-1.250000119E+00,-2.400000095E+00, 2.500000000E-01, 2.921315002E+02
         1, 1.500000060E-01,-1.600000024E+00, 6.000000238E-01, 2.919956360E+02
         1,-6.199999452E-01,-1.320000052E+00, 1.330000043E+00, 2.951258850E+02
         1,-9.300000072E-01,-9.200000167E-01, 1.480000019E+00, 2.952610474E+02
         1,-9.999999776E-03,-2.799999952E+00, 1.240000010E+00, 2.905057068E+02
         1,-3.000000119E-01,-1.549999833E+00, 1.720000029E+00, 2.924799194E+02
         1,-1.000000047E-03, 1.599999964E-01, 1.389999986E+00, 2.907614136E+02
         1,-7.200000286E-01, 5.699999928E-01, 1.820000052E+00, 2.987570190E+02
         1,-4.199999869E-01,-1.199999973E-01, 1.240000010E+00, 2.915451355E+02
         1,-1.299999952E+00,-1.480000138E+00, 1.799999952E+00, 2.919335938E+02
         1,-1.500000000E+00, 3.000000119E-01, 1.399999976E+00, 2.920884705E+02
         1, 1.000000015E-01,-7.500000000E-01, 1.779999971E+00, 2.888241882E+02
         1, 1.299999803E-01,-2.299999714E+00, 1.299999833E+00, 2.918906250E+02
         1, 1.000000089E-01, 2.300000340E-01, 1.780000091E+00, 2.887591553E+02
         1, 1.299999952E-01,-4.230000019E+00, 7.000000030E-02, 2.906891785E+02
         1,-7.300000191E-01,-2.119999886E+00, 1.519999981E+00, 3.007660828E+02
         1, 1.000000089E-01,-6.999999881E-01, 6.000000238E-01, 2.925285339E+02
         1, 1.500000060E-01,-2.500000238E+00, 6.000000834E-01, 2.921413574E+02
         1,-6.200000048E-01,-2.880000114E+00, 1.870000005E+00, 2.912163391E+02
         1,-1.100000024E+00,-4.170000076E+00, 1.789999962E+00, 2.916021729E+02
         1,-1.299999952E+00,-2.550000191E+00, 1.580000043E+00, 2.923630371E+02
         1, 1.299999952E-01,-3.799999714E+00, 1.299999952E+00, 2.909679260E+02
