cellnumber,    x-coordinate,    y-coordinate,    z-coordinate,total-temperature
         1,-6.200000048E-01,-3.900000095E+00, 1.480000019E+00, 2.969038696E+02
         1,-4.299999774E-01,-3.019999981E+00, 1.090000048E-01, 2.941153564E+02
         1,-6.199999452E-01,-3.200000048E+00, 8.799999952E-01, 2.973530884E+02
         1,-2.000002004E-02,-3.579999924E+00, 4.800000489E-01, 2.911410522E+02
         1,-6.400000453E-01,-4.050000191E+00, 5.199999809E-01, 2.925795898E+02
         1,-3.000000119E-01,-4.030000687E+00, 1.000000071E-02, 2.872827759E+02
         1,-9.299998879E-01,-4.449999809E+00, 8.799999952E-01, 2.914658508E+02
         1,-1.200000048E+00,-3.099999905E+00, 1.500000060E-01, 2.871536865E+02
         1,-1.200000048E+00,-4.199999809E+00, 4.999999702E-01, 2.872988892E+02
         1, 1.299999952E-01,-3.549999714E+00, 7.000000775E-02, 2.872033691E+02
         1,-9.200000763E-01,-3.599999905E+00, 1.779999971E+00, 2.977023926E+02
         1,-8.199999928E-01, 7.000000030E-02, 7.999999523E-01, 2.991101685E+02
         1,-3.100000024E-01, 5.600000024E-01, 7.999999076E-02, 2.934746399E+02
         1,-3.300000131E-01, 7.999999821E-02, 5.600000024E-01, 2.971361389E+02
         1,-6.200000048E-01,-2.499999851E-01, 8.000000119E-01, 2.947982178E+02
         1,-5.299999714E-01,-5.799999833E-01, 9.999999776E-03, 2.920466919E+02
         1,-9.999999776E-03,-7.500000000E-01, 3.899999857E-01, 2.914942322E+02
         1,-1.300000072E+00, 4.000000060E-01, 9.999998845E-03, 2.867081299E+02
         1,-1.399999976E+00,-5.199999809E-01, 5.000000000E-01, 2.871387634E+02
         1, 1.000000015E-01, 2.000000179E-01, 6.000000834E-01, 2.870006714E+02
         1,-8.199999928E-01,-1.700000048E+00, 8.000000119E-01, 2.999958191E+02
         1,-3.000000119E-01,-4.230000019E+00, 1.389999866E+00, 2.896198425E+02
         1,-1.999999955E-02,-1.230000138E+00, 8.000000119E-01, 2.947156372E+02
         1,-6.200000048E-01,-1.230000019E+00, 3.199999928E-01, 2.979078369E+02
         1,-7.200000286E-01,-2.400000095E+00, 3.199999928E-01, 2.997823792E+02
         1,-9.200000167E-01,-2.680000067E+00, 9.999999776E-03, 2.898828430E+02
         1,-9.999999776E-03,-2.450000048E+00, 8.799999952E-01, 2.908285522E+02
         1,-1.399999976E+00,-1.580000043E+00, 6.000000238E-01, 2.879997559E+02
         1,-1.250000119E+00,-2.400000095E+00, 2.500000000E-01, 2.874752808E+02
         1, 1.500000060E-01,-1.600000024E+00, 6.000000238E-01, 2.871526794E+02
         1,-6.199999452E-01,-1.320000052E+00, 1.330000043E+00, 2.972439270E+02
         1,-9.300000072E-01,-9.200000167E-01, 1.480000019E+00, 2.967467041E+02
         1,-9.999999776E-03,-2.799999952E+00, 1.240000010E+00, 2.910044556E+02
         1,-3.000000119E-01,-1.549999833E+00, 1.720000029E+00, 2.938200684E+02
         1,-1.000000047E-03, 1.599999964E-01, 1.389999986E+00, 2.916911621E+02
         1,-7.200000286E-01, 5.699999928E-01, 1.820000052E+00, 3.007338562E+02
         1,-4.199999869E-01,-1.199999973E-01, 1.240000010E+00, 2.922915344E+02
         1,-1.299999952E+00,-1.480000138E+00, 1.799999952E+00, 2.890715332E+02
         1,-1.500000000E+00, 3.000000119E-01, 1.399999976E+00, 2.867362976E+02
         1, 1.000000015E-01,-7.500000000E-01, 1.779999971E+00, 2.895503845E+02
         1, 1.299999803E-01,-2.299999714E+00, 1.299999833E+00, 2.871961670E+02
         1, 1.000000089E-01, 2.300000340E-01, 1.780000091E+00, 2.896267700E+02
         1, 1.299999952E-01,-4.230000019E+00, 7.000000030E-02, 2.869808960E+02
         1,-7.300000191E-01,-2.119999886E+00, 1.519999981E+00, 3.026753540E+02
         1, 1.000000089E-01,-6.999999881E-01, 6.000000238E-01, 2.869569092E+02
         1, 1.500000060E-01,-2.500000238E+00, 6.000000834E-01, 2.870877075E+02
         1,-6.200000048E-01,-2.880000114E+00, 1.870000005E+00, 2.919905701E+02
         1,-1.100000024E+00,-4.170000076E+00, 1.789999962E+00, 2.873875427E+02
         1,-1.299999952E+00,-2.550000191E+00, 1.580000043E+00, 2.888799133E+02
         1, 1.299999952E-01,-3.799999714E+00, 1.299999952E+00, 2.870949097E+02
