cellnumber,    x-coordinate,    y-coordinate,    z-coordinate,total-temperature
         1,-6.200000048E-01,-3.900000095E+00, 1.480000019E+00, 3.024337769E+02
         1,-4.299999774E-01,-3.019999981E+00, 1.090000048E-01, 3.007832031E+02
         1,-6.199999452E-01,-3.200000048E+00, 8.799999952E-01, 3.022343750E+02
         1,-2.000002004E-02,-3.579999924E+00, 4.800000489E-01, 2.962837219E+02
         1,-6.400000453E-01,-4.050000191E+00, 5.199999809E-01, 2.958978271E+02
         1,-3.000000119E-01,-4.030000687E+00, 1.000000071E-02, 2.882253418E+02
         1,-9.299998879E-01,-4.449999809E+00, 8.799999952E-01, 2.967609863E+02
         1,-1.200000048E+00,-3.099999905E+00, 1.500000060E-01, 2.877539673E+02
         1,-1.200000048E+00,-4.199999809E+00, 4.999999702E-01, 2.883051147E+02
         1, 1.299999952E-01,-3.549999714E+00, 7.000000775E-02, 2.881754150E+02
         1,-9.200000763E-01,-3.599999905E+00, 1.779999971E+00, 3.028367920E+02
         1,-8.199999928E-01, 7.000000030E-02, 7.999999523E-01, 3.047136536E+02
         1,-3.100000024E-01, 5.600000024E-01, 7.999999076E-02, 3.006137695E+02
         1,-3.300000131E-01, 7.999999821E-02, 5.600000024E-01, 3.031083984E+02
         1,-6.200000048E-01,-2.499999851E-01, 8.000000119E-01, 2.987362976E+02
         1,-5.299999714E-01,-5.799999833E-01, 9.999999776E-03, 2.990628967E+02
         1,-9.999999776E-03,-7.500000000E-01, 3.899999857E-01, 2.973935852E+02
         1,-1.300000072E+00, 4.000000060E-01, 9.999998845E-03, 2.872473450E+02
         1,-1.399999976E+00,-5.199999809E-01, 5.000000000E-01, 2.877959595E+02
         1, 1.000000015E-01, 2.000000179E-01, 6.000000834E-01, 2.881492615E+02
         1,-8.199999928E-01,-1.700000048E+00, 8.000000119E-01, 3.046600952E+02
         1,-3.000000119E-01,-4.230000019E+00, 1.389999866E+00, 2.940651855E+02
         1,-1.999999955E-02,-1.230000138E+00, 8.000000119E-01, 3.012449951E+02
         1,-6.200000048E-01,-1.230000019E+00, 3.199999928E-01, 3.036703491E+02
         1,-7.200000286E-01,-2.400000095E+00, 3.199999928E-01, 3.044916687E+02
         1,-9.200000167E-01,-2.680000067E+00, 9.999999776E-03, 2.941716003E+02
         1,-9.999999776E-03,-2.450000048E+00, 8.799999952E-01, 2.958086548E+02
         1,-1.399999976E+00,-1.580000043E+00, 6.000000238E-01, 2.881813049E+02
         1,-1.250000119E+00,-2.400000095E+00, 2.500000000E-01, 2.879679565E+02
         1, 1.500000060E-01,-1.600000024E+00, 6.000000238E-01, 2.873939209E+02
         1,-6.199999452E-01,-1.320000052E+00, 1.330000043E+00, 3.026081543E+02
         1,-9.300000072E-01,-9.200000167E-01, 1.480000019E+00, 3.009007568E+02
         1,-9.999999776E-03,-2.799999952E+00, 1.240000010E+00, 2.962263489E+02
         1,-3.000000119E-01,-1.549999833E+00, 1.720000029E+00, 3.002286987E+02
         1,-1.000000047E-03, 1.599999964E-01, 1.389999986E+00, 2.973759766E+02
         1,-7.200000286E-01, 5.699999928E-01, 1.820000052E+00, 3.036455994E+02
         1,-4.199999869E-01,-1.199999973E-01, 1.240000010E+00, 2.978298645E+02
         1,-1.299999952E+00,-1.480000138E+00, 1.799999952E+00, 2.910169373E+02
         1,-1.500000000E+00, 3.000000119E-01, 1.399999976E+00, 2.873697205E+02
         1, 1.000000015E-01,-7.500000000E-01, 1.779999971E+00, 2.958980103E+02
         1, 1.299999803E-01,-2.299999714E+00, 1.299999833E+00, 2.875750427E+02
         1, 1.000000089E-01, 2.300000340E-01, 1.780000091E+00, 2.963295288E+02
         1, 1.299999952E-01,-4.230000019E+00, 7.000000030E-02, 2.879229126E+02
         1,-7.300000191E-01,-2.119999886E+00, 1.519999981E+00, 3.063140259E+02
         1, 1.000000089E-01,-6.999999881E-01, 6.000000238E-01, 2.878584595E+02
         1, 1.500000060E-01,-2.500000238E+00, 6.000000834E-01, 2.874721985E+02
         1,-6.200000048E-01,-2.880000114E+00, 1.870000005E+00, 2.966647339E+02
         1,-1.100000024E+00,-4.170000076E+00, 1.789999962E+00, 2.883821411E+02
         1,-1.299999952E+00,-2.550000191E+00, 1.580000043E+00, 2.912292786E+02
         1, 1.299999952E-01,-3.799999714E+00, 1.299999952E+00, 2.878407593E+02
