cellnumber,    x-coordinate,    y-coordinate,    z-coordinate,total-temperature
         1,-6.200000048E-01,-3.900000095E+00, 1.480000019E+00, 2.955857849E+02
         1,-4.299999774E-01,-3.019999981E+00, 1.090000048E-01, 2.926189575E+02
         1,-6.199999452E-01,-3.200000048E+00, 8.799999952E-01, 2.960899963E+02
         1,-2.000002004E-02,-3.579999924E+00, 4.800000489E-01, 2.902232056E+02
         1,-6.400000453E-01,-4.050000191E+00, 5.199999809E-01, 2.916401062E+02
         1,-3.000000119E-01,-4.030000687E+00, 1.000000071E-02, 2.870368652E+02
         1,-9.299998879E-01,-4.449999809E+00, 8.799999952E-01, 2.904889526E+02
         1,-1.200000048E+00,-3.099999905E+00, 1.500000060E-01, 2.869756775E+02
         1,-1.200000048E+00,-4.199999809E+00, 4.999999702E-01, 2.870758057E+02
         1, 1.299999952E-01,-3.549999714E+00, 7.000000775E-02, 2.870447388E+02
         1,-9.200000763E-01,-3.599999905E+00, 1.779999971E+00, 2.962008972E+02
         1,-8.199999928E-01, 7.000000030E-02, 7.999999523E-01, 2.974548950E+02
         1,-3.100000024E-01, 5.600000024E-01, 7.999999076E-02, 2.919924622E+02
         1,-3.300000131E-01, 7.999999821E-02, 5.600000024E-01, 2.955217896E+02
         1,-6.200000048E-01,-2.499999851E-01, 8.000000119E-01, 2.937435913E+02
         1,-5.299999714E-01,-5.799999833E-01, 9.999999776E-03, 2.907811584E+02
         1,-9.999999776E-03,-7.500000000E-01, 3.899999857E-01, 2.904273376E+02
         1,-1.300000072E+00, 4.000000060E-01, 9.999998845E-03, 2.865888062E+02
         1,-1.399999976E+00,-5.199999809E-01, 5.000000000E-01, 2.869933472E+02
         1, 1.000000015E-01, 2.000000179E-01, 6.000000834E-01, 2.868157959E+02
         1,-8.199999928E-01,-1.700000048E+00, 8.000000119E-01, 2.985939331E+02
         1,-3.000000119E-01,-4.230000019E+00, 1.389999866E+00, 2.889141235E+02
         1,-1.999999955E-02,-1.230000138E+00, 8.000000119E-01, 2.932222900E+02
         1,-6.200000048E-01,-1.230000019E+00, 3.199999928E-01, 2.962941284E+02
         1,-7.200000286E-01,-2.400000095E+00, 3.199999928E-01, 2.983572998E+02
         1,-9.200000167E-01,-2.680000067E+00, 9.999999776E-03, 2.891246948E+02
         1,-9.999999776E-03,-2.450000048E+00, 8.799999952E-01, 2.899790955E+02
         1,-1.399999976E+00,-1.580000043E+00, 6.000000238E-01, 2.872755127E+02
         1,-1.250000119E+00,-2.400000095E+00, 2.500000000E-01, 2.872963867E+02
         1, 1.500000060E-01,-1.600000024E+00, 6.000000238E-01, 2.868243103E+02
         1,-6.199999452E-01,-1.320000052E+00, 1.330000043E+00, 2.957682800E+02
         1,-9.300000072E-01,-9.200000167E-01, 1.480000019E+00, 2.954419556E+02
         1,-9.999999776E-03,-2.799999952E+00, 1.240000010E+00, 2.901004333E+02
         1,-3.000000119E-01,-1.549999833E+00, 1.720000029E+00, 2.925494385E+02
         1,-1.000000047E-03, 1.599999964E-01, 1.389999986E+00, 2.905719910E+02
         1,-7.200000286E-01, 5.699999928E-01, 1.820000052E+00, 2.996259460E+02
         1,-4.199999869E-01,-1.199999973E-01, 1.240000010E+00, 2.912142639E+02
         1,-1.299999952E+00,-1.480000138E+00, 1.799999952E+00, 2.883139954E+02
         1,-1.500000000E+00, 3.000000119E-01, 1.399999976E+00, 2.866303406E+02
         1, 1.000000015E-01,-7.500000000E-01, 1.779999971E+00, 2.887023926E+02
         1, 1.299999803E-01,-2.299999714E+00, 1.299999833E+00, 2.869856567E+02
         1, 1.000000089E-01, 2.300000340E-01, 1.780000091E+00, 2.886969910E+02
         1, 1.299999952E-01,-4.230000019E+00, 7.000000030E-02, 2.867760925E+02
         1,-7.300000191E-01,-2.119999886E+00, 1.519999981E+00, 3.014764099E+02
         1, 1.000000089E-01,-6.999999881E-01, 6.000000238E-01, 2.867814636E+02
         1, 1.500000060E-01,-2.500000238E+00, 6.000000834E-01, 2.869672546E+02
         1,-6.200000048E-01,-2.880000114E+00, 1.870000005E+00, 2.908700867E+02
         1,-1.100000024E+00,-4.170000076E+00, 1.789999962E+00, 2.871483459E+02
         1,-1.299999952E+00,-2.550000191E+00, 1.580000043E+00, 2.885546570E+02
         1, 1.299999952E-01,-3.799999714E+00, 1.299999952E+00, 2.868536377E+02
