cellnumber,    x-coordinate,    y-coordinate,    z-coordinate,total-temperature
         1,-6.200000048E-01,-3.900000095E+00, 1.480000019E+00, 3.023095703E+02
         1,-4.299999774E-01,-3.019999981E+00, 1.090000048E-01, 3.006345520E+02
         1,-6.199999452E-01,-3.200000048E+00, 8.799999952E-01, 3.021228638E+02
         1,-2.000002004E-02,-3.579999924E+00, 4.800000489E-01, 2.961297607E+02
         1,-6.400000453E-01,-4.050000191E+00, 5.199999809E-01, 2.958000183E+02
         1,-3.000000119E-01,-4.030000687E+00, 1.000000071E-02, 2.881724854E+02
         1,-9.299998879E-01,-4.449999809E+00, 8.799999952E-01, 2.966101685E+02
         1,-1.200000048E+00,-3.099999905E+00, 1.500000060E-01, 2.877565308E+02
         1,-1.200000048E+00,-4.199999809E+00, 4.999999702E-01, 2.882363281E+02
         1, 1.299999952E-01,-3.549999714E+00, 7.000000775E-02, 2.881008911E+02
         1,-9.200000763E-01,-3.599999905E+00, 1.779999971E+00, 3.027338257E+02
         1,-8.199999928E-01, 7.000000030E-02, 7.999999523E-01, 3.046243896E+02
         1,-3.100000024E-01, 5.600000024E-01, 7.999999076E-02, 3.004507141E+02
         1,-3.300000131E-01, 7.999999821E-02, 5.600000024E-01, 3.030043335E+02
         1,-6.200000048E-01,-2.499999851E-01, 8.000000119E-01, 2.986243896E+02
         1,-5.299999714E-01,-5.799999833E-01, 9.999999776E-03, 2.988669128E+02
         1,-9.999999776E-03,-7.500000000E-01, 3.899999857E-01, 2.972352600E+02
         1,-1.300000072E+00, 4.000000060E-01, 9.999998845E-03, 2.872375793E+02
         1,-1.399999976E+00,-5.199999809E-01, 5.000000000E-01, 2.877599487E+02
         1, 1.000000015E-01, 2.000000179E-01, 6.000000834E-01, 2.881312256E+02
         1,-8.199999928E-01,-1.700000048E+00, 8.000000119E-01, 3.045505066E+02
         1,-3.000000119E-01,-4.230000019E+00, 1.389999866E+00, 2.939205933E+02
         1,-1.999999955E-02,-1.230000138E+00, 8.000000119E-01, 3.011056213E+02
         1,-6.200000048E-01,-1.230000019E+00, 3.199999928E-01, 3.035527039E+02
         1,-7.200000286E-01,-2.400000095E+00, 3.199999928E-01, 3.044097595E+02
         1,-9.200000167E-01,-2.680000067E+00, 9.999999776E-03, 2.940602417E+02
         1,-9.999999776E-03,-2.450000048E+00, 8.799999952E-01, 2.956606445E+02
         1,-1.399999976E+00,-1.580000043E+00, 6.000000238E-01, 2.883189697E+02
         1,-1.250000119E+00,-2.400000095E+00, 2.500000000E-01, 2.882328186E+02
         1, 1.500000060E-01,-1.600000024E+00, 6.000000238E-01, 2.874541016E+02
         1,-6.199999452E-01,-1.320000052E+00, 1.330000043E+00, 3.025103149E+02
         1,-9.300000072E-01,-9.200000167E-01, 1.480000019E+00, 3.008168640E+02
         1,-9.999999776E-03,-2.799999952E+00, 1.240000010E+00, 2.960865479E+02
         1,-3.000000119E-01,-1.549999833E+00, 1.720000029E+00, 3.001033325E+02
         1,-1.000000047E-03, 1.599999964E-01, 1.389999986E+00, 2.972352905E+02
         1,-7.200000286E-01, 5.699999928E-01, 1.820000052E+00, 3.035617676E+02
         1,-4.199999869E-01,-1.199999973E-01, 1.240000010E+00, 2.976954041E+02
         1,-1.299999952E+00,-1.480000138E+00, 1.799999952E+00, 2.907501526E+02
         1,-1.500000000E+00, 3.000000119E-01, 1.399999976E+00, 2.873449707E+02
         1, 1.000000015E-01,-7.500000000E-01, 1.779999971E+00, 2.956909180E+02
         1, 1.299999803E-01,-2.299999714E+00, 1.299999833E+00, 2.877203979E+02
         1, 1.000000089E-01, 2.300000340E-01, 1.780000091E+00, 2.961217957E+02
         1, 1.299999952E-01,-4.230000019E+00, 7.000000030E-02, 2.878987732E+02
         1,-7.300000191E-01,-2.119999886E+00, 1.519999981E+00, 3.062701111E+02
         1, 1.000000089E-01,-6.999999881E-01, 6.000000238E-01, 2.878264465E+02
         1, 1.500000060E-01,-2.500000238E+00, 6.000000834E-01, 2.875880432E+02
         1,-6.200000048E-01,-2.880000114E+00, 1.870000005E+00, 2.965385437E+02
         1,-1.100000024E+00,-4.170000076E+00, 1.789999962E+00, 2.883654175E+02
         1,-1.299999952E+00,-2.550000191E+00, 1.580000043E+00, 2.908564148E+02
         1, 1.299999952E-01,-3.799999714E+00, 1.299999952E+00, 2.878186340E+02
