cellnumber,    x-coordinate,    y-coordinate,    z-coordinate,total-temperature
         1,-6.200000048E-01,-3.900000095E+00, 1.480000019E+00, 2.995940247E+02
         1,-4.299999774E-01,-3.019999981E+00, 1.090000048E-01, 2.973595276E+02
         1,-6.199999452E-01,-3.200000048E+00, 8.799999952E-01, 2.996034241E+02
         1,-2.000002004E-02,-3.579999924E+00, 4.800000489E-01, 2.934858704E+02
         1,-6.400000453E-01,-4.050000191E+00, 5.199999809E-01, 2.943563538E+02
         1,-3.000000119E-01,-4.030000687E+00, 1.000000071E-02, 2.878058777E+02
         1,-9.299998879E-01,-4.449999809E+00, 8.799999952E-01, 2.939165039E+02
         1,-1.200000048E+00,-3.099999905E+00, 1.500000060E-01, 2.874874573E+02
         1,-1.200000048E+00,-4.199999809E+00, 4.999999702E-01, 2.877219238E+02
         1, 1.299999952E-01,-3.549999714E+00, 7.000000775E-02, 2.875477295E+02
         1,-9.200000763E-01,-3.599999905E+00, 1.779999971E+00, 3.006703186E+02
         1,-8.199999928E-01, 7.000000030E-02, 7.999999523E-01, 3.023510132E+02
         1,-3.100000024E-01, 5.600000024E-01, 7.999999076E-02, 2.969983521E+02
         1,-3.300000131E-01, 7.999999821E-02, 5.600000024E-01, 3.004873962E+02
         1,-6.200000048E-01,-2.499999851E-01, 8.000000119E-01, 2.968302612E+02
         1,-5.299999714E-01,-5.799999833E-01, 9.999999776E-03, 2.951973877E+02
         1,-9.999999776E-03,-7.500000000E-01, 3.899999857E-01, 2.942430420E+02
         1,-1.300000072E+00, 4.000000060E-01, 9.999998845E-03, 2.869465637E+02
         1,-1.399999976E+00,-5.199999809E-01, 5.000000000E-01, 2.875760803E+02
         1, 1.000000015E-01, 2.000000179E-01, 6.000000834E-01, 2.874322510E+02
         1,-8.199999928E-01,-1.700000048E+00, 8.000000119E-01, 3.025973816E+02
         1,-3.000000119E-01,-4.230000019E+00, 1.389999866E+00, 2.914069519E+02
         1,-1.999999955E-02,-1.230000138E+00, 8.000000119E-01, 2.980809326E+02
         1,-6.200000048E-01,-1.230000019E+00, 3.199999928E-01, 3.008538818E+02
         1,-7.200000286E-01,-2.400000095E+00, 3.199999928E-01, 3.023757935E+02
         1,-9.200000167E-01,-2.680000067E+00, 9.999999776E-03, 2.916455994E+02
         1,-9.999999776E-03,-2.450000048E+00, 8.799999952E-01, 2.931106262E+02
         1,-1.399999976E+00,-1.580000043E+00, 6.000000238E-01, 2.886364746E+02
         1,-1.250000119E+00,-2.400000095E+00, 2.500000000E-01, 2.880761414E+02
         1, 1.500000060E-01,-1.600000024E+00, 6.000000238E-01, 2.874998169E+02
         1,-6.199999452E-01,-1.320000052E+00, 1.330000043E+00, 3.002124023E+02
         1,-9.300000072E-01,-9.200000167E-01, 1.480000019E+00, 2.990107422E+02
         1,-9.999999776E-03,-2.799999952E+00, 1.240000010E+00, 2.933366089E+02
         1,-3.000000119E-01,-1.549999833E+00, 1.720000029E+00, 2.969364014E+02
         1,-1.000000047E-03, 1.599999964E-01, 1.389999986E+00, 2.944072571E+02
         1,-7.200000286E-01, 5.699999928E-01, 1.820000052E+00, 3.023476563E+02
         1,-4.199999869E-01,-1.199999973E-01, 1.240000010E+00, 2.949656982E+02
         1,-1.299999952E+00,-1.480000138E+00, 1.799999952E+00, 2.901815491E+02
         1,-1.500000000E+00, 3.000000119E-01, 1.399999976E+00, 2.869215393E+02
         1, 1.000000015E-01,-7.500000000E-01, 1.779999971E+00, 2.921071472E+02
         1, 1.299999803E-01,-2.299999714E+00, 1.299999833E+00, 2.877663269E+02
         1, 1.000000089E-01, 2.300000340E-01, 1.780000091E+00, 2.923901367E+02
         1, 1.299999952E-01,-4.230000019E+00, 7.000000030E-02, 2.874464111E+02
         1,-7.300000191E-01,-2.119999886E+00, 1.519999981E+00, 3.047140503E+02
         1, 1.000000089E-01,-6.999999881E-01, 6.000000238E-01, 2.873889771E+02
         1, 1.500000060E-01,-2.500000238E+00, 6.000000834E-01, 2.874544983E+02
         1,-6.200000048E-01,-2.880000114E+00, 1.870000005E+00, 2.944903870E+02
         1,-1.100000024E+00,-4.170000076E+00, 1.789999962E+00, 2.879018555E+02
         1,-1.299999952E+00,-2.550000191E+00, 1.580000043E+00, 2.901676331E+02
         1, 1.299999952E-01,-3.799999714E+00, 1.299999952E+00, 2.874147949E+02
