cellnumber,    x-coordinate,    y-coordinate,    z-coordinate,total-temperature
         1,-6.200000048E-01,-3.900000095E+00, 1.480000019E+00, 2.842312927E+02
         1,-4.299999774E-01,-3.019999981E+00, 1.090000048E-01, 2.885456543E+02
         1,-6.199999452E-01,-3.200000048E+00, 8.799999952E-01, 2.862573242E+02
         1,-2.000209130E-02,-3.580000162E+00, 4.799999893E-01, 2.847526855E+02
         1,-6.400000453E-01,-4.050000191E+00, 5.199999809E-01, 2.836422424E+02
         1,-3.000000119E-01,-4.030000210E+00, 9.999999776E-03, 2.837007141E+02
         1,-9.300044775E-01,-4.449999809E+00, 8.800000548E-01, 2.844692993E+02
         1,-1.200000048E+00,-3.099999666E+00, 1.499999911E-01, 2.843558960E+02
         1,-1.200000048E+00,-4.199999809E+00, 5.000000000E-01, 2.840604553E+02
         1, 1.299999952E-01,-3.549999952E+00, 7.000000030E-02, 2.834069824E+02
         1,-9.200000167E-01,-3.599999905E+00, 1.779999971E+00, 2.864640808E+02
         1,-8.199999928E-01, 7.000000030E-02, 8.000000119E-01, 2.848382874E+02
         1,-3.099999726E-01, 5.600000024E-01, 7.999999821E-02, 2.858946838E+02
         1,-3.300000131E-01, 7.999991626E-02, 5.600000024E-01, 2.846212463E+02
         1,-6.200000048E-01,-2.500000000E-01, 7.999999523E-01, 2.856307983E+02
         1,-5.299999714E-01,-5.799999833E-01, 1.000000071E-02, 2.850627747E+02
         1,-1.000798121E-02,-7.500000000E-01, 3.899999857E-01, 2.843873901E+02
         1,-1.299999952E+00, 4.000000060E-01, 9.999998845E-03, 2.838508301E+02
         1,-1.399999857E+00,-5.199999809E-01, 4.999999702E-01, 2.836948547E+02
         1, 1.000000015E-01, 1.999999881E-01, 6.000000238E-01, 2.842798767E+02
         1,-8.199999928E-01,-1.700000048E+00, 8.000000119E-01, 2.853874512E+02
         1,-2.999999821E-01,-4.230000019E+00, 1.389999866E+00, 2.837716064E+02
         1,-1.999999955E-02,-1.230000019E+00, 8.000000119E-01, 2.849121704E+02
         1,-6.200000048E-01,-1.230000019E+00, 3.199999928E-01, 2.856433411E+02
         1,-7.200000286E-01,-2.400000095E+00, 3.199999928E-01, 2.858071289E+02
         1,-9.200001359E-01,-2.680000067E+00, 9.999999776E-03, 2.851864624E+02
         1,-1.001500897E-02,-2.450000048E+00, 8.799999952E-01, 2.844912415E+02
         1,-1.399999857E+00,-1.579999924E+00, 5.999999642E-01, 2.836844177E+02
         1,-1.250000119E+00,-2.400000572E+00, 2.500000298E-01, 2.839064941E+02
         1, 1.500000209E-01,-1.600000143E+00, 6.000000238E-01, 2.834497070E+02
         1,-6.199999452E-01,-1.320000052E+00, 1.330000043E+00, 2.855080261E+02
         1,-9.299999475E-01,-9.200000167E-01, 1.480000019E+00, 2.850043030E+02
         1,-9.999820963E-03,-2.799999952E+00, 1.240000010E+00, 2.847164612E+02
         1,-3.000000417E-01,-1.549999952E+00, 1.720000029E+00, 2.855722351E+02
         1,-1.001112047E-03, 1.599999964E-01, 1.389999986E+00, 2.857741089E+02
         1,-7.200000286E-01, 5.699999928E-01, 1.820000052E+00, 2.859681702E+02
         1,-4.200015366E-01,-1.199999973E-01, 1.240000010E+00, 2.851136780E+02
         1,-1.299999952E+00,-1.480000019E+00, 1.799999952E+00, 2.840603027E+02
         1,-1.499999881E+00, 2.999999821E-01, 1.399999857E+00, 2.838990173E+02
         1, 1.000000015E-01,-7.500000000E-01, 1.780000091E+00, 2.836598511E+02
         1, 1.299999952E-01,-2.299999952E+00, 1.299999952E+00, 2.835079651E+02
         1, 1.000000089E-01, 2.300000042E-01, 1.779999971E+00, 2.839572144E+02
         1, 1.299999952E-01,-4.230000019E+00, 7.000000030E-02, 2.833538208E+02
         1,-7.300000191E-01,-2.119999886E+00, 1.519999981E+00, 2.866635437E+02
         1, 1.000000015E-01,-6.999999881E-01, 6.000000238E-01, 2.837192688E+02
         1, 1.500000060E-01,-2.500000238E+00, 6.000000834E-01, 2.834250793E+02
         1,-6.200000048E-01,-2.880000114E+00, 1.870000005E+00, 2.866827698E+02
         1,-1.100000024E+00,-4.170000076E+00, 1.789999962E+00, 2.840108948E+02
         1,-1.299999952E+00,-2.549999952E+00, 1.580000043E+00, 2.843321838E+02
         1, 1.299999952E-01,-3.799999952E+00, 1.299999952E+00, 2.835461121E+02
