cellnumber,    x-coordinate,    y-coordinate,    z-coordinate,total-temperature
         1,-6.200000048E-01,-3.900000095E+00, 1.480000019E+00, 2.941051025E+02
         1,-4.299999774E-01,-3.019999981E+00, 1.090000048E-01, 2.915444641E+02
         1,-6.199999452E-01,-3.200000048E+00, 8.799999952E-01, 2.945723877E+02
         1,-2.000209130E-02,-3.580000162E+00, 4.799999893E-01, 2.915834656E+02
         1,-6.400000453E-01,-4.050000191E+00, 5.199999809E-01, 2.934942017E+02
         1,-3.000000119E-01,-4.030000210E+00, 9.999999776E-03, 2.913146667E+02
         1,-9.300044775E-01,-4.449999809E+00, 8.800000548E-01, 2.913829651E+02
         1,-1.200000048E+00,-3.099999666E+00, 1.499999911E-01, 2.928377686E+02
         1,-1.200000048E+00,-4.199999809E+00, 5.000000000E-01, 2.930237732E+02
         1, 1.299999952E-01,-3.549999952E+00, 7.000000030E-02, 2.930435181E+02
         1,-9.200000167E-01,-3.599999905E+00, 1.779999971E+00, 2.944411926E+02
         1,-8.199999928E-01, 7.000000030E-02, 8.000000119E-01, 2.943812561E+02
         1,-3.099999726E-01, 5.600000024E-01, 7.999999821E-02, 2.912633972E+02
         1,-3.300000131E-01, 7.999991626E-02, 5.600000024E-01, 2.930009766E+02
         1,-6.200000048E-01,-2.500000000E-01, 7.999999523E-01, 2.934313049E+02
         1,-5.299999714E-01,-5.799999833E-01, 1.000000071E-02, 2.908131104E+02
         1,-1.000798121E-02,-7.500000000E-01, 3.899999857E-01, 2.910355835E+02
         1,-1.299999952E+00, 4.000000060E-01, 9.999998845E-03, 2.928637390E+02
         1,-1.399999857E+00,-5.199999809E-01, 4.999999702E-01, 2.928290710E+02
         1, 1.000000015E-01, 1.999999881E-01, 6.000000238E-01, 2.931127625E+02
         1,-8.199999928E-01,-1.700000048E+00, 8.000000119E-01, 2.953243713E+02
         1,-2.999999821E-01,-4.230000019E+00, 1.389999866E+00, 2.916693420E+02
         1,-1.999999955E-02,-1.230000019E+00, 8.000000119E-01, 2.918734741E+02
         1,-6.200000048E-01,-1.230000019E+00, 3.199999928E-01, 2.938588257E+02
         1,-7.200000286E-01,-2.400000095E+00, 3.199999928E-01, 2.951805725E+02
         1,-9.200001359E-01,-2.680000067E+00, 9.999999776E-03, 2.903598022E+02
         1,-1.001500897E-02,-2.450000048E+00, 8.799999952E-01, 2.919405212E+02
         1,-1.399999857E+00,-1.579999924E+00, 5.999999642E-01, 2.930599976E+02
         1,-1.250000119E+00,-2.400000572E+00, 2.500000298E-01, 2.928443298E+02
         1, 1.500000209E-01,-1.600000143E+00, 6.000000238E-01, 2.928445740E+02
         1,-6.199999452E-01,-1.320000052E+00, 1.330000043E+00, 2.940723267E+02
         1,-9.299999475E-01,-9.200000167E-01, 1.480000019E+00, 2.948865356E+02
         1,-9.999820963E-03,-2.799999952E+00, 1.240000010E+00, 2.915497742E+02
         1,-3.000000417E-01,-1.549999952E+00, 1.720000029E+00, 2.921653748E+02
         1,-1.001112047E-03, 1.599999964E-01, 1.389999986E+00, 2.918250732E+02
         1,-7.200000286E-01, 5.699999928E-01, 1.820000052E+00, 2.963940735E+02
         1,-4.200015366E-01,-1.199999973E-01, 1.240000010E+00, 2.921411743E+02
         1,-1.299999952E+00,-1.480000019E+00, 1.799999952E+00, 2.929817200E+02
         1,-1.499999881E+00, 2.999999821E-01, 1.399999857E+00, 2.927211609E+02
         1, 1.000000015E-01,-7.500000000E-01, 1.780000091E+00, 2.944333496E+02
         1, 1.299999952E-01,-2.299999952E+00, 1.299999952E+00, 2.930263977E+02
         1, 1.000000089E-01, 2.300000042E-01, 1.779999971E+00, 2.951255188E+02
         1, 1.299999952E-01,-4.230000019E+00, 7.000000030E-02, 2.931817932E+02
         1,-7.300000191E-01,-2.119999886E+00, 1.519999981E+00, 2.981356812E+02
         1, 1.000000015E-01,-6.999999881E-01, 6.000000238E-01, 2.927239685E+02
         1, 1.500000060E-01,-2.500000238E+00, 6.000000834E-01, 2.931088257E+02
         1,-6.200000048E-01,-2.880000114E+00, 1.870000005E+00, 2.918136292E+02
         1,-1.100000024E+00,-4.170000076E+00, 1.789999962E+00, 2.929416809E+02
         1,-1.299999952E+00,-2.549999952E+00, 1.580000043E+00, 2.931305847E+02
         1, 1.299999952E-01,-3.799999952E+00, 1.299999952E+00, 2.935747986E+02
