cellnumber,    x-coordinate,    y-coordinate,    z-coordinate,total-temperature
         1,-6.200000048E-01,-3.900000095E+00, 1.480000019E+00, 2.872668152E+02
         1,-4.299999774E-01,-3.019999981E+00, 1.090000048E-01, 2.907302856E+02
         1,-6.199999452E-01,-3.200000048E+00, 8.799999952E-01, 2.910061951E+02
         1,-2.000209130E-02,-3.580000162E+00, 4.799999893E-01, 2.875296936E+02
         1,-6.400000453E-01,-4.050000191E+00, 5.199999809E-01, 2.852008362E+02
         1,-3.000000119E-01,-4.030000210E+00, 9.999999776E-03, 2.851236877E+02
         1,-9.300044775E-01,-4.449999809E+00, 8.800000548E-01, 2.874439087E+02
         1,-1.200000048E+00,-3.099999666E+00, 1.499999911E-01, 2.856664734E+02
         1,-1.200000048E+00,-4.199999809E+00, 5.000000000E-01, 2.858514099E+02
         1, 1.299999952E-01,-3.549999952E+00, 7.000000030E-02, 2.840364990E+02
         1,-9.200000167E-01,-3.599999905E+00, 1.779999971E+00, 2.903800354E+02
         1,-8.199999928E-01, 7.000000030E-02, 8.000000119E-01, 2.889691162E+02
         1,-3.099999726E-01, 5.600000024E-01, 7.999999821E-02, 2.886961365E+02
         1,-3.300000131E-01, 7.999991626E-02, 5.600000024E-01, 2.879333801E+02
         1,-6.200000048E-01,-2.500000000E-01, 7.999999523E-01, 2.892023010E+02
         1,-5.299999714E-01,-5.799999833E-01, 1.000000071E-02, 2.893053589E+02
         1,-1.000798121E-02,-7.500000000E-01, 3.899999857E-01, 2.868944702E+02
         1,-1.299999952E+00, 4.000000060E-01, 9.999998845E-03, 2.851266785E+02
         1,-1.399999857E+00,-5.199999809E-01, 4.999999702E-01, 2.848145447E+02
         1, 1.000000015E-01, 1.999999881E-01, 6.000000238E-01, 2.866827393E+02
         1,-8.199999928E-01,-1.700000048E+00, 8.000000119E-01, 2.904050903E+02
         1,-2.999999821E-01,-4.230000019E+00, 1.389999866E+00, 2.851225891E+02
         1,-1.999999955E-02,-1.230000019E+00, 8.000000119E-01, 2.883500366E+02
         1,-6.200000048E-01,-1.230000019E+00, 3.199999928E-01, 2.895335693E+02
         1,-7.200000286E-01,-2.400000095E+00, 3.199999928E-01, 2.911140747E+02
         1,-9.200001359E-01,-2.680000067E+00, 9.999999776E-03, 2.880216980E+02
         1,-1.001500897E-02,-2.450000048E+00, 8.799999952E-01, 2.868671265E+02
         1,-1.399999857E+00,-1.579999924E+00, 5.999999642E-01, 2.848343811E+02
         1,-1.250000119E+00,-2.400000572E+00, 2.500000298E-01, 2.853370667E+02
         1, 1.500000209E-01,-1.600000143E+00, 6.000000238E-01, 2.842394714E+02
         1,-6.199999452E-01,-1.320000052E+00, 1.330000043E+00, 2.906457520E+02
         1,-9.299999475E-01,-9.200000167E-01, 1.480000019E+00, 2.890616760E+02
         1,-9.999820963E-03,-2.799999952E+00, 1.240000010E+00, 2.873600159E+02
         1,-3.000000417E-01,-1.549999952E+00, 1.720000029E+00, 2.893670654E+02
         1,-1.001112047E-03, 1.599999964E-01, 1.389999986E+00, 2.899557190E+02
         1,-7.200000286E-01, 5.699999928E-01, 1.820000052E+00, 2.911019287E+02
         1,-4.200015366E-01,-1.199999973E-01, 1.240000010E+00, 2.886141357E+02
         1,-1.299999952E+00,-1.480000019E+00, 1.799999952E+00, 2.857764587E+02
         1,-1.499999881E+00, 2.999999821E-01, 1.399999857E+00, 2.853596497E+02
         1, 1.000000015E-01,-7.500000000E-01, 1.780000091E+00, 2.848449707E+02
         1, 1.299999952E-01,-2.299999952E+00, 1.299999952E+00, 2.843277588E+02
         1, 1.000000089E-01, 2.300000042E-01, 1.779999971E+00, 2.855802917E+02
         1, 1.299999952E-01,-4.230000019E+00, 7.000000030E-02, 2.839018555E+02
         1,-7.300000191E-01,-2.119999886E+00, 1.519999981E+00, 2.916067505E+02
         1, 1.000000015E-01,-6.999999881E-01, 6.000000238E-01, 2.849853821E+02
         1, 1.500000060E-01,-2.500000238E+00, 6.000000834E-01, 2.841718750E+02
         1,-6.200000048E-01,-2.880000114E+00, 1.870000005E+00, 2.901780090E+02
         1,-1.100000024E+00,-4.170000076E+00, 1.789999962E+00, 2.859661865E+02
         1,-1.299999952E+00,-2.549999952E+00, 1.580000043E+00, 2.865930481E+02
         1, 1.299999952E-01,-3.799999952E+00, 1.299999952E+00, 2.844961853E+02
