cellnumber,    x-coordinate,    y-coordinate,    z-coordinate,total-temperature
         1,-6.200000048E-01,-3.900000095E+00, 1.480000019E+00, 2.883928833E+02
         1,-4.299999774E-01,-3.019999981E+00, 1.090000048E-01, 2.907870789E+02
         1,-6.199999452E-01,-3.200000048E+00, 8.799999952E-01, 2.919588928E+02
         1,-2.000209130E-02,-3.580000162E+00, 4.799999893E-01, 2.883475647E+02
         1,-6.400000453E-01,-4.050000191E+00, 5.199999809E-01, 2.863005371E+02
         1,-3.000000119E-01,-4.030000210E+00, 9.999999776E-03, 2.857420349E+02
         1,-9.300044775E-01,-4.449999809E+00, 8.800000548E-01, 2.882929688E+02
         1,-1.200000048E+00,-3.099999666E+00, 1.499999911E-01, 2.861003723E+02
         1,-1.200000048E+00,-4.199999809E+00, 5.000000000E-01, 2.863959045E+02
         1, 1.299999952E-01,-3.549999952E+00, 7.000000030E-02, 2.843716125E+02
         1,-9.200000167E-01,-3.599999905E+00, 1.779999971E+00, 2.911600647E+02
         1,-8.199999928E-01, 7.000000030E-02, 8.000000119E-01, 2.905058594E+02
         1,-3.099999726E-01, 5.600000024E-01, 7.999999821E-02, 2.892747498E+02
         1,-3.300000131E-01, 7.999991626E-02, 5.600000024E-01, 2.892139587E+02
         1,-6.200000048E-01,-2.500000000E-01, 7.999999523E-01, 2.897279663E+02
         1,-5.299999714E-01,-5.799999833E-01, 1.000000071E-02, 2.900292053E+02
         1,-1.000798121E-02,-7.500000000E-01, 3.899999857E-01, 2.877192383E+02
         1,-1.299999952E+00, 4.000000060E-01, 9.999998845E-03, 2.855986633E+02
         1,-1.399999857E+00,-5.199999809E-01, 4.999999702E-01, 2.849736633E+02
         1, 1.000000015E-01, 1.999999881E-01, 6.000000238E-01, 2.875724487E+02
         1,-8.199999928E-01,-1.700000048E+00, 8.000000119E-01, 2.916029663E+02
         1,-2.999999821E-01,-4.230000019E+00, 1.389999866E+00, 2.857532959E+02
         1,-1.999999955E-02,-1.230000019E+00, 8.000000119E-01, 2.893698120E+02
         1,-6.200000048E-01,-1.230000019E+00, 3.199999928E-01, 2.906653137E+02
         1,-7.200000286E-01,-2.400000095E+00, 3.199999928E-01, 2.923511047E+02
         1,-9.200001359E-01,-2.680000067E+00, 9.999999776E-03, 2.888899536E+02
         1,-1.001500897E-02,-2.450000048E+00, 8.799999952E-01, 2.875556030E+02
         1,-1.399999857E+00,-1.579999924E+00, 5.999999642E-01, 2.850740967E+02
         1,-1.250000119E+00,-2.400000572E+00, 2.500000298E-01, 2.858360901E+02
         1, 1.500000209E-01,-1.600000143E+00, 6.000000238E-01, 2.847540894E+02
         1,-6.199999452E-01,-1.320000052E+00, 1.330000043E+00, 2.916250610E+02
         1,-9.299999475E-01,-9.200000167E-01, 1.480000019E+00, 2.903634644E+02
         1,-9.999820963E-03,-2.799999952E+00, 1.240000010E+00, 2.882354736E+02
         1,-3.000000417E-01,-1.549999952E+00, 1.720000029E+00, 2.899119263E+02
         1,-1.001112047E-03, 1.599999964E-01, 1.389999986E+00, 2.907210083E+02
         1,-7.200000286E-01, 5.699999928E-01, 1.820000052E+00, 2.922749023E+02
         1,-4.200015366E-01,-1.199999973E-01, 1.240000010E+00, 2.894142456E+02
         1,-1.299999952E+00,-1.480000019E+00, 1.799999952E+00, 2.858617249E+02
         1,-1.499999881E+00, 2.999999821E-01, 1.399999857E+00, 2.854857178E+02
         1, 1.000000015E-01,-7.500000000E-01, 1.780000091E+00, 2.853483276E+02
         1, 1.299999952E-01,-2.299999952E+00, 1.299999952E+00, 2.844407959E+02
         1, 1.000000089E-01, 2.300000042E-01, 1.779999971E+00, 2.863621216E+02
         1, 1.299999952E-01,-4.230000019E+00, 7.000000030E-02, 2.841321716E+02
         1,-7.300000191E-01,-2.119999886E+00, 1.519999981E+00, 2.931015930E+02
         1, 1.000000015E-01,-6.999999881E-01, 6.000000238E-01, 2.858207092E+02
         1, 1.500000060E-01,-2.500000238E+00, 6.000000834E-01, 2.845892944E+02
         1,-6.200000048E-01,-2.880000114E+00, 1.870000005E+00, 2.900017700E+02
         1,-1.100000024E+00,-4.170000076E+00, 1.789999962E+00, 2.853664551E+02
         1,-1.299999952E+00,-2.549999952E+00, 1.580000043E+00, 2.864618530E+02
         1, 1.299999952E-01,-3.799999952E+00, 1.299999952E+00, 2.846626892E+02
