cellnumber,    x-coordinate,    y-coordinate,    z-coordinate,total-temperature
         1,-6.200000048E-01,-3.900000095E+00, 1.480000019E+00, 2.869363403E+02
         1,-4.299999774E-01,-3.019999981E+00, 1.090000048E-01, 2.907128906E+02
         1,-6.199999452E-01,-3.200000048E+00, 8.799999952E-01, 2.906812744E+02
         1,-2.000209130E-02,-3.580000162E+00, 4.799999893E-01, 2.872838440E+02
         1,-6.400000453E-01,-4.050000191E+00, 5.199999809E-01, 2.850364380E+02
         1,-3.000000119E-01,-4.030000210E+00, 9.999999776E-03, 2.849768982E+02
         1,-9.300044775E-01,-4.449999809E+00, 8.800000548E-01, 2.871299438E+02
         1,-1.200000048E+00,-3.099999666E+00, 1.499999911E-01, 2.859227905E+02
         1,-1.200000048E+00,-4.199999809E+00, 5.000000000E-01, 2.856780701E+02
         1, 1.299999952E-01,-3.549999952E+00, 7.000000030E-02, 2.839944458E+02
         1,-9.200000167E-01,-3.599999905E+00, 1.779999971E+00, 2.901307373E+02
         1,-8.199999928E-01, 7.000000030E-02, 8.000000119E-01, 2.885706177E+02
         1,-3.099999726E-01, 5.600000024E-01, 7.999999821E-02, 2.885578918E+02
         1,-3.300000131E-01, 7.999991626E-02, 5.600000024E-01, 2.875778198E+02
         1,-6.200000048E-01,-2.500000000E-01, 7.999999523E-01, 2.891684570E+02
         1,-5.299999714E-01,-5.799999833E-01, 1.000000071E-02, 2.888634949E+02
         1,-1.000798121E-02,-7.500000000E-01, 3.899999857E-01, 2.866328430E+02
         1,-1.299999952E+00, 4.000000060E-01, 9.999998845E-03, 2.850687256E+02
         1,-1.399999857E+00,-5.199999809E-01, 4.999999702E-01, 2.847192688E+02
         1, 1.000000015E-01, 1.999999881E-01, 6.000000238E-01, 2.864061279E+02
         1,-8.199999928E-01,-1.700000048E+00, 8.000000119E-01, 2.899419556E+02
         1,-2.999999821E-01,-4.230000019E+00, 1.389999866E+00, 2.849722290E+02
         1,-1.999999955E-02,-1.230000019E+00, 8.000000119E-01, 2.880100403E+02
         1,-6.200000048E-01,-1.230000019E+00, 3.199999928E-01, 2.891813354E+02
         1,-7.200000286E-01,-2.400000095E+00, 3.199999928E-01, 2.906877441E+02
         1,-9.200001359E-01,-2.680000067E+00, 9.999999776E-03, 2.877455444E+02
         1,-1.001500897E-02,-2.450000048E+00, 8.799999952E-01, 2.866780396E+02
         1,-1.399999857E+00,-1.579999924E+00, 5.999999642E-01, 2.847549744E+02
         1,-1.250000119E+00,-2.400000572E+00, 2.500000298E-01, 2.852170715E+02
         1, 1.500000209E-01,-1.600000143E+00, 6.000000238E-01, 2.841562805E+02
         1,-6.199999452E-01,-1.320000052E+00, 1.330000043E+00, 2.902802124E+02
         1,-9.299999475E-01,-9.200000167E-01, 1.480000019E+00, 2.886901245E+02
         1,-9.999820963E-03,-2.799999952E+00, 1.240000010E+00, 2.871664429E+02
         1,-3.000000417E-01,-1.549999952E+00, 1.720000029E+00, 2.891383972E+02
         1,-1.001112047E-03, 1.599999964E-01, 1.389999986E+00, 2.896551208E+02
         1,-7.200000286E-01, 5.699999928E-01, 1.820000052E+00, 2.907386169E+02
         1,-4.200015366E-01,-1.199999973E-01, 1.240000010E+00, 2.882801819E+02
         1,-1.299999952E+00,-1.480000019E+00, 1.799999952E+00, 2.856209717E+02
         1,-1.499999881E+00, 2.999999821E-01, 1.399999857E+00, 2.851829224E+02
         1, 1.000000015E-01,-7.500000000E-01, 1.780000091E+00, 2.847526855E+02
         1, 1.299999952E-01,-2.299999952E+00, 1.299999952E+00, 2.842563171E+02
         1, 1.000000089E-01, 2.300000042E-01, 1.779999971E+00, 2.854967651E+02
         1, 1.299999952E-01,-4.230000019E+00, 7.000000030E-02, 2.838615112E+02
         1,-7.300000191E-01,-2.119999886E+00, 1.519999981E+00, 2.912563171E+02
         1, 1.000000015E-01,-6.999999881E-01, 6.000000238E-01, 2.848479614E+02
         1, 1.500000060E-01,-2.500000238E+00, 6.000000834E-01, 2.840943909E+02
         1,-6.200000048E-01,-2.880000114E+00, 1.870000005E+00, 2.900321045E+02
         1,-1.100000024E+00,-4.170000076E+00, 1.789999962E+00, 2.855642395E+02
         1,-1.299999952E+00,-2.549999952E+00, 1.580000043E+00, 2.863350220E+02
         1, 1.299999952E-01,-3.799999952E+00, 1.299999952E+00, 2.843952332E+02
