cellnumber,    x-coordinate,    y-coordinate,    z-coordinate,total-temperature
         1,-6.200000048E-01,-3.900000095E+00, 1.480000019E+00, 2.896855774E+02
         1,-4.299999774E-01,-3.019999981E+00, 1.090000048E-01, 2.910038757E+02
         1,-6.199999452E-01,-3.200000048E+00, 8.799999952E-01, 2.926031494E+02
         1,-2.000209130E-02,-3.580000162E+00, 4.799999893E-01, 2.889052124E+02
         1,-6.400000453E-01,-4.050000191E+00, 5.199999809E-01, 2.889942627E+02
         1,-3.000000119E-01,-4.030000210E+00, 9.999999776E-03, 2.864314880E+02
         1,-9.300044775E-01,-4.449999809E+00, 8.800000548E-01, 2.888953857E+02
         1,-1.200000048E+00,-3.099999666E+00, 1.499999911E-01, 2.859179688E+02
         1,-1.200000048E+00,-4.199999809E+00, 5.000000000E-01, 2.867171936E+02
         1, 1.299999952E-01,-3.549999952E+00, 7.000000030E-02, 2.845209045E+02
         1,-9.200000167E-01,-3.599999905E+00, 1.779999971E+00, 2.921990051E+02
         1,-8.199999928E-01, 7.000000030E-02, 8.000000119E-01, 2.914687195E+02
         1,-3.099999726E-01, 5.600000024E-01, 7.999999821E-02, 2.901110535E+02
         1,-3.300000131E-01, 7.999991626E-02, 5.600000024E-01, 2.903467407E+02
         1,-6.200000048E-01,-2.500000000E-01, 7.999999523E-01, 2.909064026E+02
         1,-5.299999714E-01,-5.799999833E-01, 1.000000071E-02, 2.905806274E+02
         1,-1.000798121E-02,-7.500000000E-01, 3.899999857E-01, 2.885741272E+02
         1,-1.299999952E+00, 4.000000060E-01, 9.999998845E-03, 2.854393311E+02
         1,-1.399999857E+00,-5.199999809E-01, 4.999999702E-01, 2.860532532E+02
         1, 1.000000015E-01, 1.999999881E-01, 6.000000238E-01, 2.881310120E+02
         1,-8.199999928E-01,-1.700000048E+00, 8.000000119E-01, 2.924003906E+02
         1,-2.999999821E-01,-4.230000019E+00, 1.389999866E+00, 2.868620911E+02
         1,-1.999999955E-02,-1.230000019E+00, 8.000000119E-01, 2.901474304E+02
         1,-6.200000048E-01,-1.230000019E+00, 3.199999928E-01, 2.914319153E+02
         1,-7.200000286E-01,-2.400000095E+00, 3.199999928E-01, 2.930535583E+02
         1,-9.200001359E-01,-2.680000067E+00, 9.999999776E-03, 2.893573608E+02
         1,-1.001500897E-02,-2.450000048E+00, 8.799999952E-01, 2.879405212E+02
         1,-1.399999857E+00,-1.579999924E+00, 5.999999642E-01, 2.873757935E+02
         1,-1.250000119E+00,-2.400000572E+00, 2.500000298E-01, 2.861722412E+02
         1, 1.500000209E-01,-1.600000143E+00, 6.000000238E-01, 2.848017273E+02
         1,-6.199999452E-01,-1.320000052E+00, 1.330000043E+00, 2.921636353E+02
         1,-9.299999475E-01,-9.200000167E-01, 1.480000019E+00, 2.913685303E+02
         1,-9.999820963E-03,-2.799999952E+00, 1.240000010E+00, 2.888451843E+02
         1,-3.000000417E-01,-1.549999952E+00, 1.720000029E+00, 2.901289673E+02
         1,-1.001112047E-03, 1.599999964E-01, 1.389999986E+00, 2.910731812E+02
         1,-7.200000286E-01, 5.699999928E-01, 1.820000052E+00, 2.933985291E+02
         1,-4.200015366E-01,-1.199999973E-01, 1.240000010E+00, 2.899666748E+02
         1,-1.299999952E+00,-1.480000019E+00, 1.799999952E+00, 2.864881592E+02
         1,-1.499999881E+00, 2.999999821E-01, 1.399999857E+00, 2.861539307E+02
         1, 1.000000015E-01,-7.500000000E-01, 1.780000091E+00, 2.859184570E+02
         1, 1.299999952E-01,-2.299999952E+00, 1.299999952E+00, 2.844848938E+02
         1, 1.000000089E-01, 2.300000042E-01, 1.779999971E+00, 2.870868835E+02
         1, 1.299999952E-01,-4.230000019E+00, 7.000000030E-02, 2.841721802E+02
         1,-7.300000191E-01,-2.119999886E+00, 1.519999981E+00, 2.943410339E+02
         1, 1.000000015E-01,-6.999999881E-01, 6.000000238E-01, 2.858326721E+02
         1, 1.500000060E-01,-2.500000238E+00, 6.000000834E-01, 2.846842651E+02
         1,-6.200000048E-01,-2.880000114E+00, 1.870000005E+00, 2.904728088E+02
         1,-1.100000024E+00,-4.170000076E+00, 1.789999962E+00, 2.866999817E+02
         1,-1.299999952E+00,-2.549999952E+00, 1.580000043E+00, 2.868320923E+02
         1, 1.299999952E-01,-3.799999952E+00, 1.299999952E+00, 2.847056580E+02
