cellnumber,    x-coordinate,    y-coordinate,    z-coordinate,total-temperature
         1,-6.200000048E-01,-3.900000095E+00, 1.480000019E+00, 2.842268982E+02
         1,-4.299999774E-01,-3.019999981E+00, 1.090000048E-01, 2.885339661E+02
         1,-6.199999452E-01,-3.200000048E+00, 8.799999952E-01, 2.862428894E+02
         1,-2.000209130E-02,-3.580000162E+00, 4.799999893E-01, 2.847460938E+02
         1,-6.400000453E-01,-4.050000191E+00, 5.199999809E-01, 2.836400452E+02
         1,-3.000000119E-01,-4.030000210E+00, 9.999999776E-03, 2.836982727E+02
         1,-9.300044775E-01,-4.449999809E+00, 8.800000548E-01, 2.844636536E+02
         1,-1.200000048E+00,-3.099999666E+00, 1.499999911E-01, 2.843508301E+02
         1,-1.200000048E+00,-4.199999809E+00, 5.000000000E-01, 2.840561523E+02
         1, 1.299999952E-01,-3.549999952E+00, 7.000000030E-02, 2.834055786E+02
         1,-9.200000167E-01,-3.599999905E+00, 1.779999971E+00, 2.864505005E+02
         1,-8.199999928E-01, 7.000000030E-02, 8.000000119E-01, 2.848310242E+02
         1,-3.099999726E-01, 5.600000024E-01, 7.999999821E-02, 2.858833618E+02
         1,-3.300000131E-01, 7.999991626E-02, 5.600000024E-01, 2.846153259E+02
         1,-6.200000048E-01,-2.500000000E-01, 7.999999523E-01, 2.856203918E+02
         1,-5.299999714E-01,-5.799999833E-01, 1.000000071E-02, 2.850543213E+02
         1,-1.000798121E-02,-7.500000000E-01, 3.899999857E-01, 2.843823853E+02
         1,-1.299999952E+00, 4.000000060E-01, 9.999998845E-03, 2.838477173E+02
         1,-1.399999857E+00,-5.199999809E-01, 4.999999702E-01, 2.836922302E+02
         1, 1.000000015E-01, 1.999999881E-01, 6.000000238E-01, 2.842745361E+02
         1,-8.199999928E-01,-1.700000048E+00, 8.000000119E-01, 2.853769531E+02
         1,-2.999999821E-01,-4.230000019E+00, 1.389999866E+00, 2.837689209E+02
         1,-1.999999955E-02,-1.230000019E+00, 8.000000119E-01, 2.849050293E+02
         1,-6.200000048E-01,-1.230000019E+00, 3.199999928E-01, 2.856332397E+02
         1,-7.200000286E-01,-2.400000095E+00, 3.199999928E-01, 2.857945557E+02
         1,-9.200001359E-01,-2.680000067E+00, 9.999999776E-03, 2.851781006E+02
         1,-1.001500897E-02,-2.450000048E+00, 8.799999952E-01, 2.844856262E+02
         1,-1.399999857E+00,-1.579999924E+00, 5.999999642E-01, 2.836817017E+02
         1,-1.250000119E+00,-2.400000572E+00, 2.500000298E-01, 2.839027405E+02
         1, 1.500000209E-01,-1.600000143E+00, 6.000000238E-01, 2.834476013E+02
         1,-6.199999452E-01,-1.320000052E+00, 1.330000043E+00, 2.854967346E+02
         1,-9.299999475E-01,-9.200000167E-01, 1.480000019E+00, 2.849959106E+02
         1,-9.999820963E-03,-2.799999952E+00, 1.240000010E+00, 2.847099304E+02
         1,-3.000000417E-01,-1.549999952E+00, 1.720000029E+00, 2.855612793E+02
         1,-1.001112047E-03, 1.599999964E-01, 1.389999986E+00, 2.857622070E+02
         1,-7.200000286E-01, 5.699999928E-01, 1.820000052E+00, 2.859542236E+02
         1,-4.200015366E-01,-1.199999973E-01, 1.240000010E+00, 2.851051331E+02
         1,-1.299999952E+00,-1.480000019E+00, 1.799999952E+00, 2.840562134E+02
         1,-1.499999881E+00, 2.999999821E-01, 1.399999857E+00, 2.838955078E+02
         1, 1.000000015E-01,-7.500000000E-01, 1.780000091E+00, 2.836569214E+02
         1, 1.299999952E-01,-2.299999952E+00, 1.299999952E+00, 2.835057068E+02
         1, 1.000000089E-01, 2.300000042E-01, 1.779999971E+00, 2.839529724E+02
         1, 1.299999952E-01,-4.230000019E+00, 7.000000030E-02, 2.833525391E+02
         1,-7.300000191E-01,-2.119999886E+00, 1.519999981E+00, 2.866476135E+02
         1, 1.000000015E-01,-6.999999881E-01, 6.000000238E-01, 2.837160034E+02
         1, 1.500000060E-01,-2.500000238E+00, 6.000000834E-01, 2.834232483E+02
         1,-6.200000048E-01,-2.880000114E+00, 1.870000005E+00, 2.866679382E+02
         1,-1.100000024E+00,-4.170000076E+00, 1.789999962E+00, 2.840071106E+02
         1,-1.299999952E+00,-2.549999952E+00, 1.580000043E+00, 2.843268738E+02
         1, 1.299999952E-01,-3.799999952E+00, 1.299999952E+00, 2.835436707E+02
