cellnumber,    x-coordinate,    y-coordinate,    z-coordinate,total-temperature
         1,-6.200000048E-01,-3.900000095E+00, 1.480000019E+00, 3.058639221E+02
         1,-4.299999774E-01,-3.019999981E+00, 1.090000048E-01, 3.055509949E+02
         1,-6.199999452E-01,-3.200000048E+00, 8.799999952E-01, 3.054854736E+02
         1,-2.000002004E-02,-3.579999924E+00, 4.800000489E-01, 3.019782715E+02
         1,-6.400000453E-01,-4.050000191E+00, 5.199999809E-01, 2.994473572E+02
         1,-3.000000119E-01,-4.030000687E+00, 1.000000071E-02, 2.901343384E+02
         1,-9.299998879E-01,-4.449999809E+00, 8.799999952E-01, 3.032088928E+02
         1,-1.200000048E+00,-3.099999905E+00, 1.500000060E-01, 2.888605957E+02
         1,-1.200000048E+00,-4.199999809E+00, 4.999999702E-01, 2.897641296E+02
         1, 1.299999952E-01,-3.549999714E+00, 7.000000775E-02, 2.890783997E+02
         1,-9.200000763E-01,-3.599999905E+00, 1.779999971E+00, 3.065614929E+02
         1,-8.199999928E-01, 7.000000030E-02, 7.999999523E-01, 3.067922058E+02
         1,-3.100000024E-01, 5.600000024E-01, 7.999999076E-02, 3.056159668E+02
         1,-3.300000131E-01, 7.999999821E-02, 5.600000024E-01, 3.066006165E+02
         1,-6.200000048E-01,-2.499999851E-01, 8.000000119E-01, 3.043415222E+02
         1,-5.299999714E-01,-5.799999833E-01, 9.999999776E-03, 3.050437622E+02
         1,-9.999999776E-03,-7.500000000E-01, 3.899999857E-01, 3.043291321E+02
         1,-1.300000072E+00, 4.000000060E-01, 9.999998845E-03, 2.886569519E+02
         1,-1.399999976E+00,-5.199999809E-01, 5.000000000E-01, 2.882673645E+02
         1, 1.000000015E-01, 2.000000179E-01, 6.000000834E-01, 2.900214233E+02
         1,-8.199999928E-01,-1.700000048E+00, 8.000000119E-01, 3.069495850E+02
         1,-3.000000119E-01,-4.230000019E+00, 1.389999866E+00, 3.010852966E+02
         1,-1.999999955E-02,-1.230000138E+00, 8.000000119E-01, 3.059309387E+02
         1,-6.200000048E-01,-1.230000019E+00, 3.199999928E-01, 3.063807068E+02
         1,-7.200000286E-01,-2.400000095E+00, 3.199999928E-01, 3.064891968E+02
         1,-9.200000167E-01,-2.680000067E+00, 9.999999776E-03, 3.016211548E+02
         1,-9.999999776E-03,-2.450000048E+00, 8.799999952E-01, 3.029821167E+02
         1,-1.399999976E+00,-1.580000043E+00, 6.000000238E-01, 2.904544983E+02
         1,-1.250000119E+00,-2.400000095E+00, 2.500000000E-01, 2.881244507E+02
         1, 1.500000060E-01,-1.600000024E+00, 6.000000238E-01, 2.891004028E+02
         1,-6.199999452E-01,-1.320000052E+00, 1.330000043E+00, 3.058584595E+02
         1,-9.300000072E-01,-9.200000167E-01, 1.480000019E+00, 3.042760925E+02
         1,-9.999999776E-03,-2.799999952E+00, 1.240000010E+00, 3.026549988E+02
         1,-3.000000119E-01,-1.549999833E+00, 1.720000029E+00, 3.049291687E+02
         1,-1.000000047E-03, 1.599999964E-01, 1.389999986E+00, 3.038105774E+02
         1,-7.200000286E-01, 5.699999928E-01, 1.820000052E+00, 3.065507813E+02
         1,-4.199999869E-01,-1.199999973E-01, 1.240000010E+00, 3.036425171E+02
         1,-1.299999952E+00,-1.480000138E+00, 1.799999952E+00, 2.907325134E+02
         1,-1.500000000E+00, 3.000000119E-01, 1.399999976E+00, 2.891895142E+02
         1, 1.000000015E-01,-7.500000000E-01, 1.779999971E+00, 3.044202271E+02
         1, 1.299999803E-01,-2.299999714E+00, 1.299999833E+00, 2.889858704E+02
         1, 1.000000089E-01, 2.300000340E-01, 1.780000091E+00, 3.045689697E+02
         1, 1.299999952E-01,-4.230000019E+00, 7.000000030E-02, 2.900762024E+02
         1,-7.300000191E-01,-2.119999886E+00, 1.519999981E+00, 3.073824463E+02
         1, 1.000000089E-01,-6.999999881E-01, 6.000000238E-01, 2.888411255E+02
         1, 1.500000060E-01,-2.500000238E+00, 6.000000834E-01, 2.884384460E+02
         1,-6.200000048E-01,-2.880000114E+00, 1.870000005E+00, 3.035501404E+02
         1,-1.100000024E+00,-4.170000076E+00, 1.789999962E+00, 2.927397461E+02
         1,-1.299999952E+00,-2.550000191E+00, 1.580000043E+00, 2.895976257E+02
         1, 1.299999952E-01,-3.799999714E+00, 1.299999952E+00, 2.888626709E+02
