cellnumber,    x-coordinate,    y-coordinate,    z-coordinate,total-temperature
         1,-6.200000048E-01,-3.900000095E+00, 1.480000019E+00, 2.882925720E+02
         1,-4.299999774E-01,-3.019999981E+00, 1.090000048E-01, 2.907883301E+02
         1,-6.199999452E-01,-3.200000048E+00, 8.799999952E-01, 2.918905640E+02
         1,-2.000209130E-02,-3.580000162E+00, 4.799999893E-01, 2.882858582E+02
         1,-6.400000453E-01,-4.050000191E+00, 5.199999809E-01, 2.861199951E+02
         1,-3.000000119E-01,-4.030000210E+00, 9.999999776E-03, 2.857221069E+02
         1,-9.300044775E-01,-4.449999809E+00, 8.800000548E-01, 2.882381897E+02
         1,-1.200000048E+00,-3.099999666E+00, 1.499999911E-01, 2.861159058E+02
         1,-1.200000048E+00,-4.199999809E+00, 5.000000000E-01, 2.862948303E+02
         1, 1.299999952E-01,-3.549999952E+00, 7.000000030E-02, 2.843630676E+02
         1,-9.200000167E-01,-3.599999905E+00, 1.779999971E+00, 2.911093445E+02
         1,-8.199999928E-01, 7.000000030E-02, 8.000000119E-01, 2.903749390E+02
         1,-3.099999726E-01, 5.600000024E-01, 7.999999821E-02, 2.891988831E+02
         1,-3.300000131E-01, 7.999991626E-02, 5.600000024E-01, 2.891104431E+02
         1,-6.200000048E-01,-2.500000000E-01, 7.999999523E-01, 2.895926819E+02
         1,-5.299999714E-01,-5.799999833E-01, 1.000000071E-02, 2.900240784E+02
         1,-1.000798121E-02,-7.500000000E-01, 3.899999857E-01, 2.876648865E+02
         1,-1.299999952E+00, 4.000000060E-01, 9.999998845E-03, 2.854181213E+02
         1,-1.399999857E+00,-5.199999809E-01, 4.999999702E-01, 2.850386658E+02
         1, 1.000000015E-01, 1.999999881E-01, 6.000000238E-01, 2.874470215E+02
         1,-8.199999928E-01,-1.700000048E+00, 8.000000119E-01, 2.915293884E+02
         1,-2.999999821E-01,-4.230000019E+00, 1.389999866E+00, 2.856719360E+02
         1,-1.999999955E-02,-1.230000019E+00, 8.000000119E-01, 2.893167419E+02
         1,-6.200000048E-01,-1.230000019E+00, 3.199999928E-01, 2.905898743E+02
         1,-7.200000286E-01,-2.400000095E+00, 3.199999928E-01, 2.922896729E+02
         1,-9.200001359E-01,-2.680000067E+00, 9.999999776E-03, 2.888775024E+02
         1,-1.001500897E-02,-2.450000048E+00, 8.799999952E-01, 2.874946594E+02
         1,-1.399999857E+00,-1.579999924E+00, 5.999999642E-01, 2.851104736E+02
         1,-1.250000119E+00,-2.400000572E+00, 2.500000298E-01, 2.858074646E+02
         1, 1.500000209E-01,-1.600000143E+00, 6.000000238E-01, 2.847360535E+02
         1,-6.199999452E-01,-1.320000052E+00, 1.330000043E+00, 2.915975037E+02
         1,-9.299999475E-01,-9.200000167E-01, 1.480000019E+00, 2.902595520E+02
         1,-9.999820963E-03,-2.799999952E+00, 1.240000010E+00, 2.881535950E+02
         1,-3.000000417E-01,-1.549999952E+00, 1.720000029E+00, 2.898968506E+02
         1,-1.001112047E-03, 1.599999964E-01, 1.389999986E+00, 2.906921082E+02
         1,-7.200000286E-01, 5.699999928E-01, 1.820000052E+00, 2.921999207E+02
         1,-4.200015366E-01,-1.199999973E-01, 1.240000010E+00, 2.894320984E+02
         1,-1.299999952E+00,-1.480000019E+00, 1.799999952E+00, 2.858317261E+02
         1,-1.499999881E+00, 2.999999821E-01, 1.399999857E+00, 2.855029602E+02
         1, 1.000000015E-01,-7.500000000E-01, 1.780000091E+00, 2.853002625E+02
         1, 1.299999952E-01,-2.299999952E+00, 1.299999952E+00, 2.844072571E+02
         1, 1.000000089E-01, 2.300000042E-01, 1.779999971E+00, 2.862883911E+02
         1, 1.299999952E-01,-4.230000019E+00, 7.000000030E-02, 2.841206055E+02
         1,-7.300000191E-01,-2.119999886E+00, 1.519999981E+00, 2.929705505E+02
         1, 1.000000015E-01,-6.999999881E-01, 6.000000238E-01, 2.857515869E+02
         1, 1.500000060E-01,-2.500000238E+00, 6.000000834E-01, 2.845827637E+02
         1,-6.200000048E-01,-2.880000114E+00, 1.870000005E+00, 2.900987549E+02
         1,-1.100000024E+00,-4.170000076E+00, 1.789999962E+00, 2.855545959E+02
         1,-1.299999952E+00,-2.549999952E+00, 1.580000043E+00, 2.865235596E+02
         1, 1.299999952E-01,-3.799999952E+00, 1.299999952E+00, 2.846348877E+02
