cellnumber,    x-coordinate,    y-coordinate,    z-coordinate,total-temperature
         1,-6.200000048E-01,-3.900000095E+00, 1.480000019E+00, 2.843028870E+02
         1,-4.299999774E-01,-3.019999981E+00, 1.090000048E-01, 2.887718201E+02
         1,-6.199999452E-01,-3.200000048E+00, 8.799999952E-01, 2.864843750E+02
         1,-2.000209130E-02,-3.580000162E+00, 4.799999893E-01, 2.848590088E+02
         1,-6.400000453E-01,-4.050000191E+00, 5.199999809E-01, 2.836784973E+02
         1,-3.000000119E-01,-4.030000210E+00, 9.999999776E-03, 2.837408142E+02
         1,-9.300044775E-01,-4.449999809E+00, 8.800000548E-01, 2.845608521E+02
         1,-1.200000048E+00,-3.099999666E+00, 1.499999911E-01, 2.844450684E+02
         1,-1.200000048E+00,-4.199999809E+00, 5.000000000E-01, 2.841277771E+02
         1, 1.299999952E-01,-3.549999952E+00, 7.000000030E-02, 2.834333191E+02
         1,-9.200000167E-01,-3.599999905E+00, 1.779999971E+00, 2.866784973E+02
         1,-8.199999928E-01, 7.000000030E-02, 8.000000119E-01, 2.849566650E+02
         1,-3.099999726E-01, 5.600000024E-01, 7.999999821E-02, 2.860727234E+02
         1,-3.300000131E-01, 7.999991626E-02, 5.600000024E-01, 2.847169495E+02
         1,-6.200000048E-01,-2.500000000E-01, 7.999999523E-01, 2.858096313E+02
         1,-5.299999714E-01,-5.799999833E-01, 1.000000071E-02, 2.851977234E+02
         1,-1.000798121E-02,-7.500000000E-01, 3.899999857E-01, 2.844677124E+02
         1,-1.299999952E+00, 4.000000060E-01, 9.999998845E-03, 2.839055176E+02
         1,-1.399999857E+00,-5.199999809E-01, 4.999999702E-01, 2.837388306E+02
         1, 1.000000015E-01, 1.999999881E-01, 6.000000238E-01, 2.843614807E+02
         1,-8.199999928E-01,-1.700000048E+00, 8.000000119E-01, 2.855549622E+02
         1,-2.999999821E-01,-4.230000019E+00, 1.389999866E+00, 2.838155823E+02
         1,-1.999999955E-02,-1.230000019E+00, 8.000000119E-01, 2.850354614E+02
         1,-6.200000048E-01,-1.230000019E+00, 3.199999928E-01, 2.858030701E+02
         1,-7.200000286E-01,-2.400000095E+00, 3.199999928E-01, 2.860091553E+02
         1,-9.200001359E-01,-2.680000067E+00, 9.999999776E-03, 2.853165894E+02
         1,-1.001500897E-02,-2.450000048E+00, 8.799999952E-01, 2.845830994E+02
         1,-1.399999857E+00,-1.579999924E+00, 5.999999642E-01, 2.837284546E+02
         1,-1.250000119E+00,-2.400000572E+00, 2.500000298E-01, 2.839648743E+02
         1, 1.500000209E-01,-1.600000143E+00, 6.000000238E-01, 2.834787903E+02
         1,-6.199999452E-01,-1.320000052E+00, 1.330000043E+00, 2.856907654E+02
         1,-9.299999475E-01,-9.200000167E-01, 1.480000019E+00, 2.851394653E+02
         1,-9.999820963E-03,-2.799999952E+00, 1.240000010E+00, 2.848212891E+02
         1,-3.000000417E-01,-1.549999952E+00, 1.720000029E+00, 2.857468872E+02
         1,-1.001112047E-03, 1.599999964E-01, 1.389999986E+00, 2.859711304E+02
         1,-7.200000286E-01, 5.699999928E-01, 1.820000052E+00, 2.861911926E+02
         1,-4.200015366E-01,-1.199999973E-01, 1.240000010E+00, 2.852495117E+02
         1,-1.299999952E+00,-1.480000019E+00, 1.799999952E+00, 2.841278992E+02
         1,-1.499999881E+00, 2.999999821E-01, 1.399999857E+00, 2.839564209E+02
         1, 1.000000015E-01,-7.500000000E-01, 1.780000091E+00, 2.837066345E+02
         1, 1.299999952E-01,-2.299999952E+00, 1.299999952E+00, 2.835404968E+02
         1, 1.000000089E-01, 2.300000042E-01, 1.779999971E+00, 2.840261536E+02
         1, 1.299999952E-01,-4.230000019E+00, 7.000000030E-02, 2.833763123E+02
         1,-7.300000191E-01,-2.119999886E+00, 1.519999981E+00, 2.869152222E+02
         1, 1.000000015E-01,-6.999999881E-01, 6.000000238E-01, 2.837659912E+02
         1, 1.500000060E-01,-2.500000238E+00, 6.000000834E-01, 2.834524536E+02
         1,-6.200000048E-01,-2.880000114E+00, 1.870000005E+00, 2.869143066E+02
         1,-1.100000024E+00,-4.170000076E+00, 1.789999962E+00, 2.840722961E+02
         1,-1.299999952E+00,-2.549999952E+00, 1.580000043E+00, 2.844165344E+02
         1, 1.299999952E-01,-3.799999952E+00, 1.299999952E+00, 2.835824585E+02
