cellnumber,    x-coordinate,    y-coordinate,    z-coordinate,total-temperature
         1,-6.200000048E-01,-3.900000095E+00, 1.480000019E+00, 2.863495178E+02
         1,-4.299999774E-01,-3.019999981E+00, 1.090000048E-01, 2.905989990E+02
         1,-6.199999452E-01,-3.200000048E+00, 8.799999952E-01, 2.900812378E+02
         1,-2.000209130E-02,-3.580000162E+00, 4.799999893E-01, 2.868326416E+02
         1,-6.400000453E-01,-4.050000191E+00, 5.199999809E-01, 2.847109375E+02
         1,-3.000000119E-01,-4.030000210E+00, 9.999999776E-03, 2.846975098E+02
         1,-9.300044775E-01,-4.449999809E+00, 8.800000548E-01, 2.866378174E+02
         1,-1.200000048E+00,-3.099999666E+00, 1.499999911E-01, 2.858239441E+02
         1,-1.200000048E+00,-4.199999809E+00, 5.000000000E-01, 2.854310913E+02
         1, 1.299999952E-01,-3.549999952E+00, 7.000000030E-02, 2.839248657E+02
         1,-9.200000167E-01,-3.599999905E+00, 1.779999971E+00, 2.896597290E+02
         1,-8.199999928E-01, 7.000000030E-02, 8.000000119E-01, 2.878005676E+02
         1,-3.099999726E-01, 5.600000024E-01, 7.999999821E-02, 2.882802734E+02
         1,-3.300000131E-01, 7.999991626E-02, 5.600000024E-01, 2.869494629E+02
         1,-6.200000048E-01,-2.500000000E-01, 7.999999523E-01, 2.883856201E+02
         1,-5.299999714E-01,-5.799999833E-01, 1.000000071E-02, 2.881331177E+02
         1,-1.000798121E-02,-7.500000000E-01, 3.899999857E-01, 2.861865845E+02
         1,-1.299999952E+00, 4.000000060E-01, 9.999998845E-03, 2.848823242E+02
         1,-1.399999857E+00,-5.199999809E-01, 4.999999702E-01, 2.845345154E+02
         1, 1.000000015E-01, 1.999999881E-01, 6.000000238E-01, 2.859421997E+02
         1,-8.199999928E-01,-1.700000048E+00, 8.000000119E-01, 2.891190796E+02
         1,-2.999999821E-01,-4.230000019E+00, 1.389999866E+00, 2.847222290E+02
         1,-1.999999955E-02,-1.230000019E+00, 8.000000119E-01, 2.874296570E+02
         1,-6.200000048E-01,-1.230000019E+00, 3.199999928E-01, 2.885895386E+02
         1,-7.200000286E-01,-2.400000095E+00, 3.199999928E-01, 2.899161377E+02
         1,-9.200001359E-01,-2.680000067E+00, 9.999999776E-03, 2.875458069E+02
         1,-1.001500897E-02,-2.450000048E+00, 8.799999952E-01, 2.863034363E+02
         1,-1.399999857E+00,-1.579999924E+00, 5.999999642E-01, 2.845403748E+02
         1,-1.250000119E+00,-2.400000572E+00, 2.500000298E-01, 2.850452881E+02
         1, 1.500000209E-01,-1.600000143E+00, 6.000000238E-01, 2.840568848E+02
         1,-6.199999452E-01,-1.320000052E+00, 1.330000043E+00, 2.894772034E+02
         1,-9.299999475E-01,-9.200000167E-01, 1.480000019E+00, 2.880183105E+02
         1,-9.999820963E-03,-2.799999952E+00, 1.240000010E+00, 2.867783508E+02
         1,-3.000000417E-01,-1.549999952E+00, 1.720000029E+00, 2.886556396E+02
         1,-1.001112047E-03, 1.599999964E-01, 1.389999986E+00, 2.890179138E+02
         1,-7.200000286E-01, 5.699999928E-01, 1.820000052E+00, 2.900375366E+02
         1,-4.200015366E-01,-1.199999973E-01, 1.240000010E+00, 2.876419983E+02
         1,-1.299999952E+00,-1.480000019E+00, 1.799999952E+00, 2.853422852E+02
         1,-1.499999881E+00, 2.999999821E-01, 1.399999857E+00, 2.849877625E+02
         1, 1.000000015E-01,-7.500000000E-01, 1.780000091E+00, 2.845621643E+02
         1, 1.299999952E-01,-2.299999952E+00, 1.299999952E+00, 2.841327209E+02
         1, 1.000000089E-01, 2.300000042E-01, 1.779999971E+00, 2.852634583E+02
         1, 1.299999952E-01,-4.230000019E+00, 7.000000030E-02, 2.837907104E+02
         1,-7.300000191E-01,-2.119999886E+00, 1.519999981E+00, 2.906370239E+02
         1, 1.000000015E-01,-6.999999881E-01, 6.000000238E-01, 2.846865234E+02
         1, 1.500000060E-01,-2.500000238E+00, 6.000000834E-01, 2.839971924E+02
         1,-6.200000048E-01,-2.880000114E+00, 1.870000005E+00, 2.897506409E+02
         1,-1.100000024E+00,-4.170000076E+00, 1.789999962E+00, 2.852114868E+02
         1,-1.299999952E+00,-2.549999952E+00, 1.580000043E+00, 2.859479065E+02
         1, 1.299999952E-01,-3.799999952E+00, 1.299999952E+00, 2.842403259E+02
