cellnumber,    x-coordinate,    y-coordinate,    z-coordinate,total-temperature
         1,-6.200000048E-01,-3.900000095E+00, 1.480000019E+00, 2.888551941E+02
         1,-4.299999774E-01,-3.019999981E+00, 1.090000048E-01, 2.910127563E+02
         1,-6.199999452E-01,-3.200000048E+00, 8.799999952E-01, 2.924922791E+02
         1,-2.000209130E-02,-3.580000162E+00, 4.799999893E-01, 2.886516418E+02
         1,-6.400000453E-01,-4.050000191E+00, 5.199999809E-01, 2.888647766E+02
         1,-3.000000119E-01,-4.030000210E+00, 9.999999776E-03, 2.887761841E+02
         1,-9.300044775E-01,-4.449999809E+00, 8.800000548E-01, 2.883651428E+02
         1,-1.200000048E+00,-3.099999666E+00, 1.499999911E-01, 2.903848877E+02
         1,-1.200000048E+00,-4.199999809E+00, 5.000000000E-01, 2.903593445E+02
         1, 1.299999952E-01,-3.549999952E+00, 7.000000030E-02, 2.902589417E+02
         1,-9.200000167E-01,-3.599999905E+00, 1.779999971E+00, 2.919178772E+02
         1,-8.199999928E-01, 7.000000030E-02, 8.000000119E-01, 2.904643555E+02
         1,-3.099999726E-01, 5.600000024E-01, 7.999999821E-02, 2.890707397E+02
         1,-3.300000131E-01, 7.999991626E-02, 5.600000024E-01, 2.893620911E+02
         1,-6.200000048E-01,-2.500000000E-01, 7.999999523E-01, 2.907124329E+02
         1,-5.299999714E-01,-5.799999833E-01, 1.000000071E-02, 2.894308167E+02
         1,-1.000798121E-02,-7.500000000E-01, 3.899999857E-01, 2.879594727E+02
         1,-1.299999952E+00, 4.000000060E-01, 9.999998845E-03, 2.902414551E+02
         1,-1.399999857E+00,-5.199999809E-01, 4.999999702E-01, 2.923187256E+02
         1, 1.000000015E-01, 1.999999881E-01, 6.000000238E-01, 2.894169617E+02
         1,-8.199999928E-01,-1.700000048E+00, 8.000000119E-01, 2.917671814E+02
         1,-2.999999821E-01,-4.230000019E+00, 1.389999866E+00, 2.869384155E+02
         1,-1.999999955E-02,-1.230000019E+00, 8.000000119E-01, 2.891936340E+02
         1,-6.200000048E-01,-1.230000019E+00, 3.199999928E-01, 2.903878784E+02
         1,-7.200000286E-01,-2.400000095E+00, 3.199999928E-01, 2.919366760E+02
         1,-9.200001359E-01,-2.680000067E+00, 9.999999776E-03, 2.885593567E+02
         1,-1.001500897E-02,-2.450000048E+00, 8.799999952E-01, 2.885077515E+02
         1,-1.399999857E+00,-1.579999924E+00, 5.999999642E-01, 2.907118530E+02
         1,-1.250000119E+00,-2.400000572E+00, 2.500000298E-01, 2.903104248E+02
         1, 1.500000209E-01,-1.600000143E+00, 6.000000238E-01, 2.899912720E+02
         1,-6.199999452E-01,-1.320000052E+00, 1.330000043E+00, 2.913976746E+02
         1,-9.299999475E-01,-9.200000167E-01, 1.480000019E+00, 2.904965820E+02
         1,-9.999820963E-03,-2.799999952E+00, 1.240000010E+00, 2.884883118E+02
         1,-3.000000417E-01,-1.549999952E+00, 1.720000029E+00, 2.903151550E+02
         1,-1.001112047E-03, 1.599999964E-01, 1.389999986E+00, 2.909852600E+02
         1,-7.200000286E-01, 5.699999928E-01, 1.820000052E+00, 2.915445557E+02
         1,-4.200015366E-01,-1.199999973E-01, 1.240000010E+00, 2.898938599E+02
         1,-1.299999952E+00,-1.480000019E+00, 1.799999952E+00, 2.909691467E+02
         1,-1.499999881E+00, 2.999999821E-01, 1.399999857E+00, 2.938564453E+02
         1, 1.000000015E-01,-7.500000000E-01, 1.780000091E+00, 2.871336365E+02
         1, 1.299999952E-01,-2.299999952E+00, 1.299999952E+00, 2.909114075E+02
         1, 1.000000089E-01, 2.300000042E-01, 1.779999971E+00, 2.870765076E+02
         1, 1.299999952E-01,-4.230000019E+00, 7.000000030E-02, 2.900254517E+02
         1,-7.300000191E-01,-2.119999886E+00, 1.519999981E+00, 2.935779724E+02
         1, 1.000000015E-01,-6.999999881E-01, 6.000000238E-01, 2.901197205E+02
         1, 1.500000060E-01,-2.500000238E+00, 6.000000834E-01, 2.900094299E+02
         1,-6.200000048E-01,-2.880000114E+00, 1.870000005E+00, 2.910033569E+02
         1,-1.100000024E+00,-4.170000076E+00, 1.789999962E+00, 2.910704346E+02
         1,-1.299999952E+00,-2.549999952E+00, 1.580000043E+00, 2.910050049E+02
         1, 1.299999952E-01,-3.799999952E+00, 1.299999952E+00, 2.900700989E+02
