cellnumber,    x-coordinate,    y-coordinate,    z-coordinate,total-temperature
         1,-6.200000048E-01,-3.900000095E+00, 1.480000019E+00, 2.841567383E+02
         1,-4.299999774E-01,-3.019999981E+00, 1.090000048E-01, 2.886343689E+02
         1,-6.199999452E-01,-3.200000048E+00, 8.799999952E-01, 2.859964294E+02
         1,-2.000209130E-02,-3.580000162E+00, 4.799999893E-01, 2.846428223E+02
         1,-6.400000453E-01,-4.050000191E+00, 5.199999809E-01, 2.836064148E+02
         1,-3.000000119E-01,-4.030000210E+00, 9.999999776E-03, 2.836631165E+02
         1,-9.300044775E-01,-4.449999809E+00, 8.800000548E-01, 2.843780518E+02
         1,-1.200000048E+00,-3.099999666E+00, 1.499999911E-01, 2.842741699E+02
         1,-1.200000048E+00,-4.199999809E+00, 5.000000000E-01, 2.839874573E+02
         1, 1.299999952E-01,-3.549999952E+00, 7.000000030E-02, 2.833796082E+02
         1,-9.200000167E-01,-3.599999905E+00, 1.779999971E+00, 2.861839600E+02
         1,-8.199999928E-01, 7.000000030E-02, 8.000000119E-01, 2.847212219E+02
         1,-3.099999726E-01, 5.600000024E-01, 7.999999821E-02, 2.856726074E+02
         1,-3.300000131E-01, 7.999991626E-02, 5.600000024E-01, 2.845258789E+02
         1,-6.200000048E-01,-2.500000000E-01, 7.999999523E-01, 2.854617615E+02
         1,-5.299999714E-01,-5.799999833E-01, 1.000000071E-02, 2.849307556E+02
         1,-1.000798121E-02,-7.500000000E-01, 3.899999857E-01, 2.843059082E+02
         1,-1.299999952E+00, 4.000000060E-01, 9.999998845E-03, 2.837954102E+02
         1,-1.399999857E+00,-5.199999809E-01, 4.999999702E-01, 2.836479797E+02
         1, 1.000000015E-01, 1.999999881E-01, 6.000000238E-01, 2.841958618E+02
         1,-8.199999928E-01,-1.700000048E+00, 8.000000119E-01, 2.852161865E+02
         1,-2.999999821E-01,-4.230000019E+00, 1.389999866E+00, 2.837265015E+02
         1,-1.999999955E-02,-1.230000019E+00, 8.000000119E-01, 2.847861023E+02
         1,-6.200000048E-01,-1.230000019E+00, 3.199999928E-01, 2.854530945E+02
         1,-7.200000286E-01,-2.400000095E+00, 3.199999928E-01, 2.855805359E+02
         1,-9.200001359E-01,-2.680000067E+00, 9.999999776E-03, 2.850534363E+02
         1,-1.001500897E-02,-2.450000048E+00, 8.799999952E-01, 2.843951721E+02
         1,-1.399999857E+00,-1.579999924E+00, 5.999999642E-01, 2.836370850E+02
         1,-1.250000119E+00,-2.400000572E+00, 2.500000298E-01, 2.838446655E+02
         1, 1.500000209E-01,-1.600000143E+00, 6.000000238E-01, 2.834174805E+02
         1,-6.199999452E-01,-1.320000052E+00, 1.330000043E+00, 2.853253784E+02
         1,-9.299999475E-01,-9.200000167E-01, 1.480000019E+00, 2.848628845E+02
         1,-9.999820963E-03,-2.799999952E+00, 1.240000010E+00, 2.846133423E+02
         1,-3.000000417E-01,-1.549999952E+00, 1.720000029E+00, 2.853874512E+02
         1,-1.001112047E-03, 1.599999964E-01, 1.389999986E+00, 2.855853882E+02
         1,-7.200000286E-01, 5.699999928E-01, 1.820000052E+00, 2.856878357E+02
         1,-4.200015366E-01,-1.199999973E-01, 1.240000010E+00, 2.849663696E+02
         1,-1.299999952E+00,-1.480000019E+00, 1.799999952E+00, 2.839843445E+02
         1,-1.499999881E+00, 2.999999821E-01, 1.399999857E+00, 2.838345947E+02
         1, 1.000000015E-01,-7.500000000E-01, 1.780000091E+00, 2.836088257E+02
         1, 1.299999952E-01,-2.299999952E+00, 1.299999952E+00, 2.834728088E+02
         1, 1.000000089E-01, 2.300000042E-01, 1.779999971E+00, 2.838813782E+02
         1, 1.299999952E-01,-4.230000019E+00, 7.000000030E-02, 2.833303223E+02
         1,-7.300000191E-01,-2.119999886E+00, 1.519999981E+00, 2.863200378E+02
         1, 1.000000015E-01,-6.999999881E-01, 6.000000238E-01, 2.836689453E+02
         1, 1.500000060E-01,-2.500000238E+00, 6.000000834E-01, 2.833948364E+02
         1,-6.200000048E-01,-2.880000114E+00, 1.870000005E+00, 2.863489990E+02
         1,-1.100000024E+00,-4.170000076E+00, 1.789999962E+00, 2.839344788E+02
         1,-1.299999952E+00,-2.549999952E+00, 1.580000043E+00, 2.842377930E+02
         1, 1.299999952E-01,-3.799999952E+00, 1.299999952E+00, 2.835074768E+02
