cellnumber,    x-coordinate,    y-coordinate,    z-coordinate,total-temperature
         1,-6.200000048E-01,-3.900000095E+00, 1.480000019E+00, 2.883525085E+02
         1,-4.299999774E-01,-3.019999981E+00, 1.090000048E-01, 2.907583008E+02
         1,-6.199999452E-01,-3.200000048E+00, 8.799999952E-01, 2.913514709E+02
         1,-2.000209130E-02,-3.580000162E+00, 4.799999893E-01, 2.880771179E+02
         1,-6.400000453E-01,-4.050000191E+00, 5.199999809E-01, 2.866716309E+02
         1,-3.000000119E-01,-4.030000210E+00, 9.999999776E-03, 2.857343750E+02
         1,-9.300044775E-01,-4.449999809E+00, 8.800000548E-01, 2.882085266E+02
         1,-1.200000048E+00,-3.099999666E+00, 1.499999911E-01, 2.858446045E+02
         1,-1.200000048E+00,-4.199999809E+00, 5.000000000E-01, 2.857969360E+02
         1, 1.299999952E-01,-3.549999952E+00, 7.000000030E-02, 2.842618713E+02
         1,-9.200000167E-01,-3.599999905E+00, 1.779999971E+00, 2.910024109E+02
         1,-8.199999928E-01, 7.000000030E-02, 8.000000119E-01, 2.901983948E+02
         1,-3.099999726E-01, 5.600000024E-01, 7.999999821E-02, 2.892669373E+02
         1,-3.300000131E-01, 7.999991626E-02, 5.600000024E-01, 2.893011780E+02
         1,-6.200000048E-01,-2.500000000E-01, 7.999999523E-01, 2.900139160E+02
         1,-5.299999714E-01,-5.799999833E-01, 1.000000071E-02, 2.899099731E+02
         1,-1.000798121E-02,-7.500000000E-01, 3.899999857E-01, 2.879186096E+02
         1,-1.299999952E+00, 4.000000060E-01, 9.999998845E-03, 2.853162842E+02
         1,-1.399999857E+00,-5.199999809E-01, 4.999999702E-01, 2.850029602E+02
         1, 1.000000015E-01, 1.999999881E-01, 6.000000238E-01, 2.874230042E+02
         1,-8.199999928E-01,-1.700000048E+00, 8.000000119E-01, 2.909775085E+02
         1,-2.999999821E-01,-4.230000019E+00, 1.389999866E+00, 2.865792236E+02
         1,-1.999999955E-02,-1.230000019E+00, 8.000000119E-01, 2.889162292E+02
         1,-6.200000048E-01,-1.230000019E+00, 3.199999928E-01, 2.901060486E+02
         1,-7.200000286E-01,-2.400000095E+00, 3.199999928E-01, 2.913543701E+02
         1,-9.200001359E-01,-2.680000067E+00, 9.999999776E-03, 2.886178284E+02
         1,-1.001500897E-02,-2.450000048E+00, 8.799999952E-01, 2.882338867E+02
         1,-1.399999857E+00,-1.579999924E+00, 5.999999642E-01, 2.850936584E+02
         1,-1.250000119E+00,-2.400000572E+00, 2.500000298E-01, 2.854395447E+02
         1, 1.500000209E-01,-1.600000143E+00, 6.000000238E-01, 2.845558167E+02
         1,-6.199999452E-01,-1.320000052E+00, 1.330000043E+00, 2.910078735E+02
         1,-9.299999475E-01,-9.200000167E-01, 1.480000019E+00, 2.902373047E+02
         1,-9.999820963E-03,-2.799999952E+00, 1.240000010E+00, 2.884819641E+02
         1,-3.000000417E-01,-1.549999952E+00, 1.720000029E+00, 2.895601807E+02
         1,-1.001112047E-03, 1.599999964E-01, 1.389999986E+00, 2.897368469E+02
         1,-7.200000286E-01, 5.699999928E-01, 1.820000052E+00, 2.908005371E+02
         1,-4.200015366E-01,-1.199999973E-01, 1.240000010E+00, 2.895958557E+02
         1,-1.299999952E+00,-1.480000019E+00, 1.799999952E+00, 2.861818237E+02
         1,-1.499999881E+00, 2.999999821E-01, 1.399999857E+00, 2.857935181E+02
         1, 1.000000015E-01,-7.500000000E-01, 1.780000091E+00, 2.858663025E+02
         1, 1.299999952E-01,-2.299999952E+00, 1.299999952E+00, 2.842521057E+02
         1, 1.000000089E-01, 2.300000042E-01, 1.779999971E+00, 2.867351990E+02
         1, 1.299999952E-01,-4.230000019E+00, 7.000000030E-02, 2.840732727E+02
         1,-7.300000191E-01,-2.119999886E+00, 1.519999981E+00, 2.922661133E+02
         1, 1.000000015E-01,-6.999999881E-01, 6.000000238E-01, 2.854107056E+02
         1, 1.500000060E-01,-2.500000238E+00, 6.000000834E-01, 2.844418945E+02
         1,-6.200000048E-01,-2.880000114E+00, 1.870000005E+00, 2.902729187E+02
         1,-1.100000024E+00,-4.170000076E+00, 1.789999962E+00, 2.861600342E+02
         1,-1.299999952E+00,-2.549999952E+00, 1.580000043E+00, 2.868158569E+02
         1, 1.299999952E-01,-3.799999952E+00, 1.299999952E+00, 2.847373047E+02
