cellnumber,    x-coordinate,    y-coordinate,    z-coordinate,total-temperature
         1,-6.200000048E-01,-3.900000095E+00, 1.480000019E+00, 2.851748352E+02
         1,-4.299999774E-01,-3.019999981E+00, 1.090000048E-01, 2.902476501E+02
         1,-6.199999452E-01,-3.200000048E+00, 8.799999952E-01, 2.884183350E+02
         1,-2.000209130E-02,-3.580000162E+00, 4.799999893E-01, 2.858754883E+02
         1,-6.400000453E-01,-4.050000191E+00, 5.199999809E-01, 2.841237183E+02
         1,-3.000000119E-01,-4.030000210E+00, 9.999999776E-03, 2.841932068E+02
         1,-9.300044775E-01,-4.449999809E+00, 8.800000548E-01, 2.855840149E+02
         1,-1.200000048E+00,-3.099999666E+00, 1.499999911E-01, 2.852131348E+02
         1,-1.200000048E+00,-4.199999809E+00, 5.000000000E-01, 2.847889099E+02
         1, 1.299999952E-01,-3.549999952E+00, 7.000000030E-02, 2.836798706E+02
         1,-9.200000167E-01,-3.599999905E+00, 1.779999971E+00, 2.883115540E+02
         1,-8.199999928E-01, 7.000000030E-02, 8.000000119E-01, 2.863572693E+02
         1,-3.099999726E-01, 5.600000024E-01, 7.999999821E-02, 2.872218323E+02
         1,-3.300000131E-01, 7.999991626E-02, 5.600000024E-01, 2.858588257E+02
         1,-6.200000048E-01,-2.500000000E-01, 7.999999523E-01, 2.872114868E+02
         1,-5.299999714E-01,-5.799999833E-01, 1.000000071E-02, 2.867933960E+02
         1,-1.000798121E-02,-7.500000000E-01, 3.899999857E-01, 2.853179932E+02
         1,-1.299999952E+00, 4.000000060E-01, 9.999998845E-03, 2.844075317E+02
         1,-1.399999857E+00,-5.199999809E-01, 4.999999702E-01, 2.841507568E+02
         1, 1.000000015E-01, 1.999999881E-01, 6.000000238E-01, 2.851928101E+02
         1,-8.199999928E-01,-1.700000048E+00, 8.000000119E-01, 2.873334961E+02
         1,-2.999999821E-01,-4.230000019E+00, 1.389999866E+00, 2.842633972E+02
         1,-1.999999955E-02,-1.230000019E+00, 8.000000119E-01, 2.862199402E+02
         1,-6.200000048E-01,-1.230000019E+00, 3.199999928E-01, 2.870881958E+02
         1,-7.200000286E-01,-2.400000095E+00, 3.199999928E-01, 2.878681335E+02
         1,-9.200001359E-01,-2.680000067E+00, 9.999999776E-03, 2.865080566E+02
         1,-1.001500897E-02,-2.450000048E+00, 8.799999952E-01, 2.855044556E+02
         1,-1.399999857E+00,-1.579999924E+00, 5.999999642E-01, 2.841459045E+02
         1,-1.250000119E+00,-2.400000572E+00, 2.500000298E-01, 2.845170593E+02
         1, 1.500000209E-01,-1.600000143E+00, 6.000000238E-01, 2.837652283E+02
         1,-6.199999452E-01,-1.320000052E+00, 1.330000043E+00, 2.876545105E+02
         1,-9.299999475E-01,-9.200000167E-01, 1.480000019E+00, 2.865522461E+02
         1,-9.999820963E-03,-2.799999952E+00, 1.240000010E+00, 2.858797607E+02
         1,-3.000000417E-01,-1.549999952E+00, 1.720000029E+00, 2.873618774E+02
         1,-1.001112047E-03, 1.599999964E-01, 1.389999986E+00, 2.876498718E+02
         1,-7.200000286E-01, 5.699999928E-01, 1.820000052E+00, 2.875968933E+02
         1,-4.200015366E-01,-1.199999973E-01, 1.240000010E+00, 2.865862732E+02
         1,-1.299999952E+00,-1.480000019E+00, 1.799999952E+00, 2.847647400E+02
         1,-1.499999881E+00, 2.999999821E-01, 1.399999857E+00, 2.844962463E+02
         1, 1.000000015E-01,-7.500000000E-01, 1.780000091E+00, 2.841283875E+02
         1, 1.299999952E-01,-2.299999952E+00, 1.299999952E+00, 2.838566589E+02
         1, 1.000000089E-01, 2.300000042E-01, 1.779999971E+00, 2.846282043E+02
         1, 1.299999952E-01,-4.230000019E+00, 7.000000030E-02, 2.835863647E+02
         1,-7.300000191E-01,-2.119999886E+00, 1.519999981E+00, 2.885299683E+02
         1, 1.000000015E-01,-6.999999881E-01, 6.000000238E-01, 2.842271118E+02
         1, 1.500000060E-01,-2.500000238E+00, 6.000000834E-01, 2.837228088E+02
         1,-6.200000048E-01,-2.880000114E+00, 1.870000005E+00, 2.883758850E+02
         1,-1.100000024E+00,-4.170000076E+00, 1.789999962E+00, 2.846523438E+02
         1,-1.299999952E+00,-2.549999952E+00, 1.580000043E+00, 2.852316284E+02
         1, 1.299999952E-01,-3.799999952E+00, 1.299999952E+00, 2.839342651E+02
