cellnumber,    x-coordinate,    y-coordinate,    z-coordinate,total-temperature
         1,-6.200000048E-01,-3.900000095E+00, 1.480000019E+00, 2.865062866E+02
         1,-4.299999774E-01,-3.019999981E+00, 1.090000048E-01, 2.905471191E+02
         1,-6.199999452E-01,-3.200000048E+00, 8.799999952E-01, 2.902054749E+02
         1,-2.000209130E-02,-3.580000162E+00, 4.799999893E-01, 2.869742737E+02
         1,-6.400000453E-01,-4.050000191E+00, 5.199999809E-01, 2.849333496E+02
         1,-3.000000119E-01,-4.030000210E+00, 9.999999776E-03, 2.849071960E+02
         1,-9.300044775E-01,-4.449999809E+00, 8.800000548E-01, 2.869783020E+02
         1,-1.200000048E+00,-3.099999666E+00, 1.499999911E-01, 2.859609985E+02
         1,-1.200000048E+00,-4.199999809E+00, 5.000000000E-01, 2.855661926E+02
         1, 1.299999952E-01,-3.549999952E+00, 7.000000030E-02, 2.839803162E+02
         1,-9.200000167E-01,-3.599999905E+00, 1.779999971E+00, 2.898866882E+02
         1,-8.199999928E-01, 7.000000030E-02, 8.000000119E-01, 2.884534302E+02
         1,-3.099999726E-01, 5.600000024E-01, 7.999999821E-02, 2.882173462E+02
         1,-3.300000131E-01, 7.999991626E-02, 5.600000024E-01, 2.876451416E+02
         1,-6.200000048E-01,-2.500000000E-01, 7.999999523E-01, 2.888691711E+02
         1,-5.299999714E-01,-5.799999833E-01, 1.000000071E-02, 2.888136597E+02
         1,-1.000798121E-02,-7.500000000E-01, 3.899999857E-01, 2.864959717E+02
         1,-1.299999952E+00, 4.000000060E-01, 9.999998845E-03, 2.850099487E+02
         1,-1.399999857E+00,-5.199999809E-01, 4.999999702E-01, 2.846117249E+02
         1, 1.000000015E-01, 1.999999881E-01, 6.000000238E-01, 2.862848816E+02
         1,-8.199999928E-01,-1.700000048E+00, 8.000000119E-01, 2.894720154E+02
         1,-2.999999821E-01,-4.230000019E+00, 1.389999866E+00, 2.849125366E+02
         1,-1.999999955E-02,-1.230000019E+00, 8.000000119E-01, 2.876626892E+02
         1,-6.200000048E-01,-1.230000019E+00, 3.199999928E-01, 2.886676025E+02
         1,-7.200000286E-01,-2.400000095E+00, 3.199999928E-01, 2.898804321E+02
         1,-9.200001359E-01,-2.680000067E+00, 9.999999776E-03, 2.875569458E+02
         1,-1.001500897E-02,-2.450000048E+00, 8.799999952E-01, 2.866676636E+02
         1,-1.399999857E+00,-1.579999924E+00, 5.999999642E-01, 2.846943359E+02
         1,-1.250000119E+00,-2.400000572E+00, 2.500000298E-01, 2.851097412E+02
         1, 1.500000209E-01,-1.600000143E+00, 6.000000238E-01, 2.841629333E+02
         1,-6.199999452E-01,-1.320000052E+00, 1.330000043E+00, 2.896748657E+02
         1,-9.299999475E-01,-9.200000167E-01, 1.480000019E+00, 2.881964111E+02
         1,-9.999820963E-03,-2.799999952E+00, 1.240000010E+00, 2.870491638E+02
         1,-3.000000417E-01,-1.549999952E+00, 1.720000029E+00, 2.887508240E+02
         1,-1.001112047E-03, 1.599999964E-01, 1.389999986E+00, 2.896933289E+02
         1,-7.200000286E-01, 5.699999928E-01, 1.820000052E+00, 2.887172546E+02
         1,-4.200015366E-01,-1.199999973E-01, 1.240000010E+00, 2.884294434E+02
         1,-1.299999952E+00,-1.480000019E+00, 1.799999952E+00, 2.852565613E+02
         1,-1.499999881E+00, 2.999999821E-01, 1.399999857E+00, 2.849241028E+02
         1, 1.000000015E-01,-7.500000000E-01, 1.780000091E+00, 2.845369568E+02
         1, 1.299999952E-01,-2.299999952E+00, 1.299999952E+00, 2.842213440E+02
         1, 1.000000089E-01, 2.300000042E-01, 1.779999971E+00, 2.850043335E+02
         1, 1.299999952E-01,-4.230000019E+00, 7.000000030E-02, 2.838360901E+02
         1,-7.300000191E-01,-2.119999886E+00, 1.519999981E+00, 2.900916138E+02
         1, 1.000000015E-01,-6.999999881E-01, 6.000000238E-01, 2.848403931E+02
         1, 1.500000060E-01,-2.500000238E+00, 6.000000834E-01, 2.840997620E+02
         1,-6.200000048E-01,-2.880000114E+00, 1.870000005E+00, 2.895392456E+02
         1,-1.100000024E+00,-4.170000076E+00, 1.789999962E+00, 2.856973267E+02
         1,-1.299999952E+00,-2.549999952E+00, 1.580000043E+00, 2.859624023E+02
         1, 1.299999952E-01,-3.799999952E+00, 1.299999952E+00, 2.843734741E+02
