cellnumber,    x-coordinate,    y-coordinate,    z-coordinate,total-temperature
         1,-6.200000048E-01,-3.900000095E+00, 1.480000019E+00, 2.841490479E+02
         1,-4.299999774E-01,-3.019999981E+00, 1.090000048E-01, 2.904284973E+02
         1,-6.199999452E-01,-3.200000048E+00, 8.799999952E-01, 2.862629089E+02
         1,-2.000209130E-02,-3.580000162E+00, 4.799999893E-01, 2.846585388E+02
         1,-6.400000453E-01,-4.050000191E+00, 5.199999809E-01, 2.835947571E+02
         1,-3.000000119E-01,-4.030000210E+00, 9.999999776E-03, 2.836582336E+02
         1,-9.300044775E-01,-4.449999809E+00, 8.800000548E-01, 2.843473511E+02
         1,-1.200000048E+00,-3.099999666E+00, 1.499999911E-01, 2.847252197E+02
         1,-1.200000048E+00,-4.199999809E+00, 5.000000000E-01, 2.839279175E+02
         1, 1.299999952E-01,-3.549999952E+00, 7.000000030E-02, 2.833942261E+02
         1,-9.200000167E-01,-3.599999905E+00, 1.779999971E+00, 2.863297729E+02
         1,-8.199999928E-01, 7.000000030E-02, 8.000000119E-01, 2.846925049E+02
         1,-3.099999726E-01, 5.600000024E-01, 7.999999821E-02, 2.857994080E+02
         1,-3.300000131E-01, 7.999991626E-02, 5.600000024E-01, 2.845315247E+02
         1,-6.200000048E-01,-2.500000000E-01, 7.999999523E-01, 2.855428772E+02
         1,-5.299999714E-01,-5.799999833E-01, 1.000000071E-02, 2.847871094E+02
         1,-1.000798121E-02,-7.500000000E-01, 3.899999857E-01, 2.843253174E+02
         1,-1.299999952E+00, 4.000000060E-01, 9.999998845E-03, 2.838417358E+02
         1,-1.399999857E+00,-5.199999809E-01, 4.999999702E-01, 2.836690063E+02
         1, 1.000000015E-01, 1.999999881E-01, 6.000000238E-01, 2.841902771E+02
         1,-8.199999928E-01,-1.700000048E+00, 8.000000119E-01, 2.851541443E+02
         1,-2.999999821E-01,-4.230000019E+00, 1.389999866E+00, 2.837398071E+02
         1,-1.999999955E-02,-1.230000019E+00, 8.000000119E-01, 2.847512512E+02
         1,-6.200000048E-01,-1.230000019E+00, 3.199999928E-01, 2.856566467E+02
         1,-7.200000286E-01,-2.400000095E+00, 3.199999928E-01, 2.855635986E+02
         1,-9.200001359E-01,-2.680000067E+00, 9.999999776E-03, 2.855437317E+02
         1,-1.001500897E-02,-2.450000048E+00, 8.799999952E-01, 2.843901367E+02
         1,-1.399999857E+00,-1.579999924E+00, 5.999999642E-01, 2.836408997E+02
         1,-1.250000119E+00,-2.400000572E+00, 2.500000298E-01, 2.838527527E+02
         1, 1.500000209E-01,-1.600000143E+00, 6.000000238E-01, 2.834199829E+02
         1,-6.199999452E-01,-1.320000052E+00, 1.330000043E+00, 2.852967224E+02
         1,-9.299999475E-01,-9.200000167E-01, 1.480000019E+00, 2.849472656E+02
         1,-9.999820963E-03,-2.799999952E+00, 1.240000010E+00, 2.846473694E+02
         1,-3.000000417E-01,-1.549999952E+00, 1.720000029E+00, 2.853599854E+02
         1,-1.001112047E-03, 1.599999964E-01, 1.389999986E+00, 2.853312378E+02
         1,-7.200000286E-01, 5.699999928E-01, 1.820000052E+00, 2.856857300E+02
         1,-4.200015366E-01,-1.199999973E-01, 1.240000010E+00, 2.849938354E+02
         1,-1.299999952E+00,-1.480000019E+00, 1.799999952E+00, 2.840100403E+02
         1,-1.499999881E+00, 2.999999821E-01, 1.399999857E+00, 2.838471069E+02
         1, 1.000000015E-01,-7.500000000E-01, 1.780000091E+00, 2.836251221E+02
         1, 1.299999952E-01,-2.299999952E+00, 1.299999952E+00, 2.834855652E+02
         1, 1.000000089E-01, 2.300000042E-01, 1.779999971E+00, 2.838994751E+02
         1, 1.299999952E-01,-4.230000019E+00, 7.000000030E-02, 2.833468628E+02
         1,-7.300000191E-01,-2.119999886E+00, 1.519999981E+00, 2.867573547E+02
         1, 1.000000015E-01,-6.999999881E-01, 6.000000238E-01, 2.836708984E+02
         1, 1.500000060E-01,-2.500000238E+00, 6.000000834E-01, 2.833961792E+02
         1,-6.200000048E-01,-2.880000114E+00, 1.870000005E+00, 2.866481628E+02
         1,-1.100000024E+00,-4.170000076E+00, 1.789999962E+00, 2.839565125E+02
         1,-1.299999952E+00,-2.549999952E+00, 1.580000043E+00, 2.842653503E+02
         1, 1.299999952E-01,-3.799999952E+00, 1.299999952E+00, 2.835189514E+02
