cellnumber,    x-coordinate,    y-coordinate,    z-coordinate,total-temperature
         1,-6.200000048E-01,-3.900000095E+00, 1.480000019E+00, 2.933609314E+02
         1,-4.299999774E-01,-3.019999981E+00, 1.090000048E-01, 3.048564453E+02
         1,-6.199999452E-01,-3.200000048E+00, 8.799999952E-01, 3.017533875E+02
         1,-2.000209130E-02,-3.580000162E+00, 4.799999893E-01, 2.943742676E+02
         1,-6.400000453E-01,-4.050000191E+00, 5.199999809E-01, 2.881916504E+02
         1,-3.000000119E-01,-4.030000210E+00, 9.999999776E-03, 2.886033936E+02
         1,-9.300044775E-01,-4.449999809E+00, 8.800000548E-01, 2.946037903E+02
         1,-1.200000048E+00,-3.099999666E+00, 1.499999911E-01, 2.923798218E+02
         1,-1.200000048E+00,-4.199999809E+00, 5.000000000E-01, 2.895236206E+02
         1, 1.299999952E-01,-3.549999952E+00, 7.000000030E-02, 2.857081299E+02
         1,-9.200000167E-01,-3.599999905E+00, 1.779999971E+00, 3.014050903E+02
         1,-8.199999928E-01, 7.000000030E-02, 8.000000119E-01, 2.979046326E+02
         1,-3.099999726E-01, 5.600000024E-01, 7.999999821E-02, 2.993909607E+02
         1,-3.300000131E-01, 7.999991626E-02, 5.600000024E-01, 2.960332031E+02
         1,-6.200000048E-01,-2.500000000E-01, 7.999999523E-01, 2.972507324E+02
         1,-5.299999714E-01,-5.799999833E-01, 1.000000071E-02, 2.989384766E+02
         1,-1.000798121E-02,-7.500000000E-01, 3.899999857E-01, 2.933774109E+02
         1,-1.299999952E+00, 4.000000060E-01, 9.999998845E-03, 2.885796204E+02
         1,-1.399999857E+00,-5.199999809E-01, 4.999999702E-01, 2.875585327E+02
         1, 1.000000015E-01, 1.999999881E-01, 6.000000238E-01, 2.918865051E+02
         1,-8.199999928E-01,-1.700000048E+00, 8.000000119E-01, 2.995243225E+02
         1,-2.999999821E-01,-4.230000019E+00, 1.389999866E+00, 2.882961731E+02
         1,-1.999999955E-02,-1.230000019E+00, 8.000000119E-01, 2.968596497E+02
         1,-6.200000048E-01,-1.230000019E+00, 3.199999928E-01, 2.992458191E+02
         1,-7.200000286E-01,-2.400000095E+00, 3.199999928E-01, 3.009121399E+02
         1,-9.200001359E-01,-2.680000067E+00, 9.999999776E-03, 2.985559998E+02
         1,-1.001500897E-02,-2.450000048E+00, 8.799999952E-01, 2.932206116E+02
         1,-1.399999857E+00,-1.579999924E+00, 5.999999642E-01, 2.875210266E+02
         1,-1.250000119E+00,-2.400000572E+00, 2.500000298E-01, 2.889198914E+02
         1, 1.500000209E-01,-1.600000143E+00, 6.000000238E-01, 2.860113525E+02
         1,-6.199999452E-01,-1.320000052E+00, 1.330000043E+00, 3.003613281E+02
         1,-9.299999475E-01,-9.200000167E-01, 1.480000019E+00, 2.974496155E+02
         1,-9.999820963E-03,-2.799999952E+00, 1.240000010E+00, 2.947982483E+02
         1,-3.000000417E-01,-1.549999952E+00, 1.720000029E+00, 2.989466248E+02
         1,-1.001112047E-03, 1.599999964E-01, 1.389999986E+00, 2.981833496E+02
         1,-7.200000286E-01, 5.699999928E-01, 1.820000052E+00, 2.995267639E+02
         1,-4.200015366E-01,-1.199999973E-01, 1.240000010E+00, 2.969678650E+02
         1,-1.299999952E+00,-1.480000019E+00, 1.799999952E+00, 2.898764038E+02
         1,-1.499999881E+00, 2.999999821E-01, 1.399999857E+00, 2.886699219E+02
         1, 1.000000015E-01,-7.500000000E-01, 1.780000091E+00, 2.875269775E+02
         1, 1.299999952E-01,-2.299999952E+00, 1.299999952E+00, 2.863685913E+02
         1, 1.000000089E-01, 2.300000042E-01, 1.779999971E+00, 2.893890991E+02
         1, 1.299999952E-01,-4.230000019E+00, 7.000000030E-02, 2.853606873E+02
         1,-7.300000191E-01,-2.119999886E+00, 1.519999981E+00, 3.012828369E+02
         1, 1.000000015E-01,-6.999999881E-01, 6.000000238E-01, 2.878801270E+02
         1, 1.500000060E-01,-2.500000238E+00, 6.000000834E-01, 2.858412476E+02
         1,-6.200000048E-01,-2.880000114E+00, 1.870000005E+00, 3.001045532E+02
         1,-1.100000024E+00,-4.170000076E+00, 1.789999962E+00, 2.898837280E+02
         1,-1.299999952E+00,-2.549999952E+00, 1.580000043E+00, 2.916059265E+02
         1, 1.299999952E-01,-3.799999952E+00, 1.299999952E+00, 2.867212219E+02
