cellnumber,    x-coordinate,    y-coordinate,    z-coordinate,total-temperature
         1,-6.200000048E-01,-3.900000095E+00, 1.480000019E+00, 3.003504333E+02
         1,-4.299999774E-01,-3.019999981E+00, 1.090000048E-01, 3.061185608E+02
         1,-6.199999452E-01,-3.200000048E+00, 8.799999952E-01, 3.049020386E+02
         1,-2.000209130E-02,-3.580000162E+00, 4.799999893E-01, 2.995684814E+02
         1,-6.400000453E-01,-4.050000191E+00, 5.199999809E-01, 2.928656311E+02
         1,-3.000000119E-01,-4.030000210E+00, 9.999999776E-03, 2.928245239E+02
         1,-9.300044775E-01,-4.449999809E+00, 8.800000548E-01, 3.000668335E+02
         1,-1.200000048E+00,-3.099999666E+00, 1.499999911E-01, 2.956054382E+02
         1,-1.200000048E+00,-4.199999809E+00, 5.000000000E-01, 2.921303711E+02
         1, 1.299999952E-01,-3.549999952E+00, 7.000000030E-02, 2.870552979E+02
         1,-9.200000167E-01,-3.599999905E+00, 1.779999971E+00, 3.061299133E+02
         1,-8.199999928E-01, 7.000000030E-02, 8.000000119E-01, 3.053473816E+02
         1,-3.099999726E-01, 5.600000024E-01, 7.999999821E-02, 3.040443726E+02
         1,-3.300000131E-01, 7.999991626E-02, 5.600000024E-01, 3.040377197E+02
         1,-6.200000048E-01,-2.500000000E-01, 7.999999523E-01, 3.028499756E+02
         1,-5.299999714E-01,-5.799999833E-01, 1.000000071E-02, 3.050347900E+02
         1,-1.000798121E-02,-7.500000000E-01, 3.899999857E-01, 3.004710388E+02
         1,-1.299999952E+00, 4.000000060E-01, 9.999998845E-03, 2.908690186E+02
         1,-1.399999857E+00,-5.199999809E-01, 4.999999702E-01, 2.896481628E+02
         1, 1.000000015E-01, 1.999999881E-01, 6.000000238E-01, 2.971603394E+02
         1,-8.199999928E-01,-1.700000048E+00, 8.000000119E-01, 3.056253967E+02
         1,-2.999999821E-01,-4.230000019E+00, 1.389999866E+00, 2.935843506E+02
         1,-1.999999955E-02,-1.230000019E+00, 8.000000119E-01, 3.035714417E+02
         1,-6.200000048E-01,-1.230000019E+00, 3.199999928E-01, 3.052216797E+02
         1,-7.200000286E-01,-2.400000095E+00, 3.199999928E-01, 3.059268494E+02
         1,-9.200001359E-01,-2.680000067E+00, 9.999999776E-03, 3.023784180E+02
         1,-1.001500897E-02,-2.450000048E+00, 8.799999952E-01, 2.986717224E+02
         1,-1.399999857E+00,-1.579999924E+00, 5.999999642E-01, 2.894530334E+02
         1,-1.250000119E+00,-2.400000572E+00, 2.500000298E-01, 2.910498352E+02
         1, 1.500000209E-01,-1.600000143E+00, 6.000000238E-01, 2.878630371E+02
         1,-6.199999452E-01,-1.320000052E+00, 1.330000043E+00, 3.054217834E+02
         1,-9.299999475E-01,-9.200000167E-01, 1.480000019E+00, 3.031825867E+02
         1,-9.999820963E-03,-2.799999952E+00, 1.240000010E+00, 3.003264160E+02
         1,-3.000000417E-01,-1.549999952E+00, 1.720000029E+00, 3.026765747E+02
         1,-1.001112047E-03, 1.599999964E-01, 1.389999986E+00, 3.026560669E+02
         1,-7.200000286E-01, 5.699999928E-01, 1.820000052E+00, 3.051256714E+02
         1,-4.200015366E-01,-1.199999973E-01, 1.240000010E+00, 3.030812073E+02
         1,-1.299999952E+00,-1.480000019E+00, 1.799999952E+00, 2.916271973E+02
         1,-1.499999881E+00, 2.999999821E-01, 1.399999857E+00, 2.903765259E+02
         1, 1.000000015E-01,-7.500000000E-01, 1.780000091E+00, 2.911085815E+02
         1, 1.299999952E-01,-2.299999952E+00, 1.299999952E+00, 2.874311523E+02
         1, 1.000000089E-01, 2.300000042E-01, 1.779999971E+00, 2.941297607E+02
         1, 1.299999952E-01,-4.230000019E+00, 7.000000030E-02, 2.864381714E+02
         1,-7.300000191E-01,-2.119999886E+00, 1.519999981E+00, 3.054443970E+02
         1, 1.000000015E-01,-6.999999881E-01, 6.000000238E-01, 2.905139771E+02
         1, 1.500000060E-01,-2.500000238E+00, 6.000000834E-01, 2.875919800E+02
         1,-6.200000048E-01,-2.880000114E+00, 1.870000005E+00, 3.030299072E+02
         1,-1.100000024E+00,-4.170000076E+00, 1.789999962E+00, 2.934709778E+02
         1,-1.299999952E+00,-2.549999952E+00, 1.580000043E+00, 2.941699829E+02
         1, 1.299999952E-01,-3.799999952E+00, 1.299999952E+00, 2.889990845E+02
