cellnumber,    x-coordinate,    y-coordinate,    z-coordinate,total-temperature
         1,-6.200000048E-01,-3.900000095E+00, 1.480000019E+00, 2.842059937E+02
         1,-4.299999774E-01,-3.019999981E+00, 1.090000048E-01, 2.910075378E+02
         1,-6.199999452E-01,-3.200000048E+00, 8.799999952E-01, 2.865289307E+02
         1,-2.000209130E-02,-3.580000162E+00, 4.799999893E-01, 2.847738342E+02
         1,-6.400000453E-01,-4.050000191E+00, 5.199999809E-01, 2.836260986E+02
         1,-3.000000119E-01,-4.030000210E+00, 9.999999776E-03, 2.836965637E+02
         1,-9.300044775E-01,-4.449999809E+00, 8.800000548E-01, 2.844267578E+02
         1,-1.200000048E+00,-3.099999666E+00, 1.499999911E-01, 2.848274841E+02
         1,-1.200000048E+00,-4.199999809E+00, 5.000000000E-01, 2.839881287E+02
         1, 1.299999952E-01,-3.549999952E+00, 7.000000030E-02, 2.834236450E+02
         1,-9.200000167E-01,-3.599999905E+00, 1.779999971E+00, 2.865907593E+02
         1,-8.199999928E-01, 7.000000030E-02, 8.000000119E-01, 2.847993164E+02
         1,-3.099999726E-01, 5.600000024E-01, 7.999999821E-02, 2.860135498E+02
         1,-3.300000131E-01, 7.999991626E-02, 5.600000024E-01, 2.846255188E+02
         1,-6.200000048E-01,-2.500000000E-01, 7.999999523E-01, 2.857345886E+02
         1,-5.299999714E-01,-5.799999833E-01, 1.000000071E-02, 2.849080505E+02
         1,-1.000798121E-02,-7.500000000E-01, 3.899999857E-01, 2.844060364E+02
         1,-1.299999952E+00, 4.000000060E-01, 9.999998845E-03, 2.839039612E+02
         1,-1.399999857E+00,-5.199999809E-01, 4.999999702E-01, 2.837171021E+02
         1, 1.000000015E-01, 1.999999881E-01, 6.000000238E-01, 2.842730103E+02
         1,-8.199999928E-01,-1.700000048E+00, 8.000000119E-01, 2.853059692E+02
         1,-2.999999821E-01,-4.230000019E+00, 1.389999866E+00, 2.837839966E+02
         1,-1.999999955E-02,-1.230000019E+00, 8.000000119E-01, 2.848708801E+02
         1,-6.200000048E-01,-1.230000019E+00, 3.199999928E-01, 2.858605347E+02
         1,-7.200000286E-01,-2.400000095E+00, 3.199999928E-01, 2.857523499E+02
         1,-9.200001359E-01,-2.680000067E+00, 9.999999776E-03, 2.857322388E+02
         1,-1.001500897E-02,-2.450000048E+00, 8.799999952E-01, 2.844844055E+02
         1,-1.399999857E+00,-1.579999924E+00, 5.999999642E-01, 2.836874695E+02
         1,-1.250000119E+00,-2.400000572E+00, 2.500000298E-01, 2.839155273E+02
         1, 1.500000209E-01,-1.600000143E+00, 6.000000238E-01, 2.834505920E+02
         1,-6.199999452E-01,-1.320000052E+00, 1.330000043E+00, 2.854617615E+02
         1,-9.299999475E-01,-9.200000167E-01, 1.480000019E+00, 2.850824585E+02
         1,-9.999820963E-03,-2.799999952E+00, 1.240000010E+00, 2.847572021E+02
         1,-3.000000417E-01,-1.549999952E+00, 1.720000029E+00, 2.855318909E+02
         1,-1.001112047E-03, 1.599999964E-01, 1.389999986E+00, 2.855003052E+02
         1,-7.200000286E-01, 5.699999928E-01, 1.820000052E+00, 2.858869019E+02
         1,-4.200015366E-01,-1.199999973E-01, 1.240000010E+00, 2.851437988E+02
         1,-1.299999952E+00,-1.480000019E+00, 1.799999952E+00, 2.840829773E+02
         1,-1.499999881E+00, 2.999999821E-01, 1.399999857E+00, 2.839092102E+02
         1, 1.000000015E-01,-7.500000000E-01, 1.780000091E+00, 2.836717529E+02
         1, 1.299999952E-01,-2.299999952E+00, 1.299999952E+00, 2.835220032E+02
         1, 1.000000089E-01, 2.300000042E-01, 1.779999971E+00, 2.839688110E+02
         1, 1.299999952E-01,-4.230000019E+00, 7.000000030E-02, 2.833723145E+02
         1,-7.300000191E-01,-2.119999886E+00, 1.519999981E+00, 2.870659790E+02
         1, 1.000000015E-01,-6.999999881E-01, 6.000000238E-01, 2.837191772E+02
         1, 1.500000060E-01,-2.500000238E+00, 6.000000834E-01, 2.834250183E+02
         1,-6.200000048E-01,-2.880000114E+00, 1.870000005E+00, 2.869382324E+02
         1,-1.100000024E+00,-4.170000076E+00, 1.789999962E+00, 2.840137329E+02
         1,-1.299999952E+00,-2.549999952E+00, 1.580000043E+00, 2.843661499E+02
         1, 1.299999952E-01,-3.799999952E+00, 1.299999952E+00, 2.835578918E+02
