cellnumber,    x-coordinate,    y-coordinate,    z-coordinate,total-temperature
         1,-6.200000048E-01,-3.900000095E+00, 1.480000019E+00, 3.017510986E+02
         1,-4.299999774E-01,-3.019999981E+00, 1.090000048E-01, 2.999603882E+02
         1,-6.199999452E-01,-3.200000048E+00, 8.799999952E-01, 3.016406555E+02
         1,-2.000002004E-02,-3.579999924E+00, 4.800000489E-01, 2.954682617E+02
         1,-6.400000453E-01,-4.050000191E+00, 5.199999809E-01, 2.954828796E+02
         1,-3.000000119E-01,-4.030000687E+00, 1.000000071E-02, 2.880530701E+02
         1,-9.299998879E-01,-4.449999809E+00, 8.799999952E-01, 2.959696960E+02
         1,-1.200000048E+00,-3.099999905E+00, 1.500000060E-01, 2.877300110E+02
         1,-1.200000048E+00,-4.199999809E+00, 4.999999702E-01, 2.880458984E+02
         1, 1.299999952E-01,-3.549999714E+00, 7.000000775E-02, 2.878176880E+02
         1,-9.200000763E-01,-3.599999905E+00, 1.779999971E+00, 3.023085022E+02
         1,-8.199999928E-01, 7.000000030E-02, 7.999999523E-01, 3.041898193E+02
         1,-3.100000024E-01, 5.600000024E-01, 7.999999076E-02, 2.997307739E+02
         1,-3.300000131E-01, 7.999999821E-02, 5.600000024E-01, 3.025209656E+02
         1,-6.200000048E-01,-2.499999851E-01, 8.000000119E-01, 2.981791077E+02
         1,-5.299999714E-01,-5.799999833E-01, 9.999999776E-03, 2.980248718E+02
         1,-9.999999776E-03,-7.500000000E-01, 3.899999857E-01, 2.965532227E+02
         1,-1.300000072E+00, 4.000000060E-01, 9.999998845E-03, 2.871751404E+02
         1,-1.399999976E+00,-5.199999809E-01, 5.000000000E-01, 2.876793518E+02
         1, 1.000000015E-01, 2.000000179E-01, 6.000000834E-01, 2.879941101E+02
         1,-8.199999928E-01,-1.700000048E+00, 8.000000119E-01, 3.040794983E+02
         1,-3.000000119E-01,-4.230000019E+00, 1.389999866E+00, 2.933135986E+02
         1,-1.999999955E-02,-1.230000138E+00, 8.000000119E-01, 3.004942017E+02
         1,-6.200000048E-01,-1.230000019E+00, 3.199999928E-01, 3.030228577E+02
         1,-7.200000286E-01,-2.400000095E+00, 3.199999928E-01, 3.039978333E+02
         1,-9.200000167E-01,-2.680000067E+00, 9.999999776E-03, 2.936270752E+02
         1,-9.999999776E-03,-2.450000048E+00, 8.799999952E-01, 2.950844727E+02
         1,-1.399999976E+00,-1.580000043E+00, 6.000000238E-01, 2.886257935E+02
         1,-1.250000119E+00,-2.400000095E+00, 2.500000000E-01, 2.884082031E+02
         1, 1.500000060E-01,-1.600000024E+00, 6.000000238E-01, 2.877234497E+02
         1,-6.199999452E-01,-1.320000052E+00, 1.330000043E+00, 3.020664673E+02
         1,-9.300000072E-01,-9.200000167E-01, 1.480000019E+00, 3.004447937E+02
         1,-9.999999776E-03,-2.799999952E+00, 1.240000010E+00, 2.954884644E+02
         1,-3.000000119E-01,-1.549999833E+00, 1.720000029E+00, 2.994831238E+02
         1,-1.000000047E-03, 1.599999964E-01, 1.389999986E+00, 2.966471558E+02
         1,-7.200000286E-01, 5.699999928E-01, 1.820000052E+00, 3.032895813E+02
         1,-4.199999869E-01,-1.199999973E-01, 1.240000010E+00, 2.971066284E+02
         1,-1.299999952E+00,-1.480000138E+00, 1.799999952E+00, 2.902642517E+02
         1,-1.500000000E+00, 3.000000119E-01, 1.399999976E+00, 2.873221130E+02
         1, 1.000000015E-01,-7.500000000E-01, 1.779999971E+00, 2.948075562E+02
         1, 1.299999803E-01,-2.299999714E+00, 1.299999833E+00, 2.880282593E+02
         1, 1.000000089E-01, 2.300000340E-01, 1.780000091E+00, 2.952435303E+02
         1, 1.299999952E-01,-4.230000019E+00, 7.000000030E-02, 2.878111267E+02
         1,-7.300000191E-01,-2.119999886E+00, 1.519999981E+00, 3.060259705E+02
         1, 1.000000089E-01,-6.999999881E-01, 6.000000238E-01, 2.878132629E+02
         1, 1.500000060E-01,-2.500000238E+00, 6.000000834E-01, 2.878387146E+02
         1,-6.200000048E-01,-2.880000114E+00, 1.870000005E+00, 2.960614319E+02
         1,-1.100000024E+00,-4.170000076E+00, 1.789999962E+00, 2.883186951E+02
         1,-1.299999952E+00,-2.550000191E+00, 1.580000043E+00, 2.899559021E+02
         1, 1.299999952E-01,-3.799999714E+00, 1.299999952E+00, 2.877660828E+02
