cellnumber,    x-coordinate,    y-coordinate,    z-coordinate,total-temperature
         1,-6.200000048E-01,-3.900000095E+00, 1.480000019E+00, 2.957351990E+02
         1,-4.299999774E-01,-3.019999981E+00, 1.090000048E-01, 2.927787170E+02
         1,-6.199999452E-01,-3.200000048E+00, 8.799999952E-01, 2.962243347E+02
         1,-2.000002004E-02,-3.579999924E+00, 4.800000489E-01, 2.903196106E+02
         1,-6.400000453E-01,-4.050000191E+00, 5.199999809E-01, 2.917408142E+02
         1,-3.000000119E-01,-4.030000687E+00, 1.000000071E-02, 2.870702515E+02
         1,-9.299998879E-01,-4.449999809E+00, 8.799999952E-01, 2.905956116E+02
         1,-1.200000048E+00,-3.099999905E+00, 1.500000060E-01, 2.870162659E+02
         1,-1.200000048E+00,-4.199999809E+00, 4.999999702E-01, 2.871091003E+02
         1, 1.299999952E-01,-3.549999714E+00, 7.000000775E-02, 2.870569458E+02
         1,-9.200000763E-01,-3.599999905E+00, 1.779999971E+00, 2.963723145E+02
         1,-8.199999928E-01, 7.000000030E-02, 7.999999523E-01, 2.976419373E+02
         1,-3.100000024E-01, 5.600000024E-01, 7.999999076E-02, 2.921509705E+02
         1,-3.300000131E-01, 7.999999821E-02, 5.600000024E-01, 2.956970825E+02
         1,-6.200000048E-01,-2.499999851E-01, 8.000000119E-01, 2.938727112E+02
         1,-5.299999714E-01,-5.799999833E-01, 9.999999776E-03, 2.909125671E+02
         1,-9.999999776E-03,-7.500000000E-01, 3.899999857E-01, 2.905408325E+02
         1,-1.300000072E+00, 4.000000060E-01, 9.999998845E-03, 2.866015930E+02
         1,-1.399999976E+00,-5.199999809E-01, 5.000000000E-01, 2.869998779E+02
         1, 1.000000015E-01, 2.000000179E-01, 6.000000834E-01, 2.868394775E+02
         1,-8.199999928E-01,-1.700000048E+00, 8.000000119E-01, 2.987517090E+02
         1,-3.000000119E-01,-4.230000019E+00, 1.389999866E+00, 2.889865417E+02
         1,-1.999999955E-02,-1.230000138E+00, 8.000000119E-01, 2.933827209E+02
         1,-6.200000048E-01,-1.230000019E+00, 3.199999928E-01, 2.964428101E+02
         1,-7.200000286E-01,-2.400000095E+00, 3.199999928E-01, 2.985271301E+02
         1,-9.200000167E-01,-2.680000067E+00, 9.999999776E-03, 2.891948547E+02
         1,-9.999999776E-03,-2.450000048E+00, 8.799999952E-01, 2.900647278E+02
         1,-1.399999976E+00,-1.580000043E+00, 6.000000238E-01, 2.873941956E+02
         1,-1.250000119E+00,-2.400000095E+00, 2.500000000E-01, 2.873135376E+02
         1, 1.500000060E-01,-1.600000024E+00, 6.000000238E-01, 2.868512268E+02
         1,-6.199999452E-01,-1.320000052E+00, 1.330000043E+00, 2.959310303E+02
         1,-9.300000072E-01,-9.200000167E-01, 1.480000019E+00, 2.955817871E+02
         1,-9.999999776E-03,-2.799999952E+00, 1.240000010E+00, 2.901932373E+02
         1,-3.000000119E-01,-1.549999833E+00, 1.720000029E+00, 2.926986694E+02
         1,-1.000000047E-03, 1.599999964E-01, 1.389999986E+00, 2.906888733E+02
         1,-7.200000286E-01, 5.699999928E-01, 1.820000052E+00, 2.997537842E+02
         1,-4.199999869E-01,-1.199999973E-01, 1.240000010E+00, 2.913280029E+02
         1,-1.299999952E+00,-1.480000138E+00, 1.799999952E+00, 2.884950867E+02
         1,-1.500000000E+00, 3.000000119E-01, 1.399999976E+00, 2.866596680E+02
         1, 1.000000015E-01,-7.500000000E-01, 1.779999971E+00, 2.887890625E+02
         1, 1.299999803E-01,-2.299999714E+00, 1.299999833E+00, 2.869843445E+02
         1, 1.000000089E-01, 2.300000340E-01, 1.780000091E+00, 2.887903748E+02
         1, 1.299999952E-01,-4.230000019E+00, 7.000000030E-02, 2.868018188E+02
         1,-7.300000191E-01,-2.119999886E+00, 1.519999981E+00, 3.016133118E+02
         1, 1.000000089E-01,-6.999999881E-01, 6.000000238E-01, 2.867929993E+02
         1, 1.500000060E-01,-2.500000238E+00, 6.000000834E-01, 2.869742126E+02
         1,-6.200000048E-01,-2.880000114E+00, 1.870000005E+00, 2.909806824E+02
         1,-1.100000024E+00,-4.170000076E+00, 1.789999962E+00, 2.871902771E+02
         1,-1.299999952E+00,-2.550000191E+00, 1.580000043E+00, 2.886482544E+02
         1, 1.299999952E-01,-3.799999714E+00, 1.299999952E+00, 2.868828735E+02
