cellnumber,    x-coordinate,    y-coordinate,    z-coordinate,total-temperature
         1,-6.200000048E-01,-3.900000095E+00, 1.480000019E+00, 3.037788391E+02
         1,-4.299999774E-01,-3.019999981E+00, 1.090000048E-01, 3.025536194E+02
         1,-6.199999452E-01,-3.200000048E+00, 8.799999952E-01, 3.034328613E+02
         1,-2.000002004E-02,-3.579999924E+00, 4.800000489E-01, 2.981455994E+02
         1,-6.400000453E-01,-4.050000191E+00, 5.199999809E-01, 2.974771729E+02
         1,-3.000000119E-01,-4.030000687E+00, 1.000000071E-02, 2.889490967E+02
         1,-9.299998879E-01,-4.449999809E+00, 8.799999952E-01, 2.987049561E+02
         1,-1.200000048E+00,-3.099999905E+00, 1.500000060E-01, 2.882938538E+02
         1,-1.200000048E+00,-4.199999809E+00, 4.999999702E-01, 2.886896973E+02
         1, 1.299999952E-01,-3.549999714E+00, 7.000000775E-02, 2.886900330E+02
         1,-9.200000763E-01,-3.599999905E+00, 1.779999971E+00, 3.042259827E+02
         1,-8.199999928E-01, 7.000000030E-02, 7.999999523E-01, 3.056268005E+02
         1,-3.100000024E-01, 5.600000024E-01, 7.999999076E-02, 3.025455933E+02
         1,-3.300000131E-01, 7.999999821E-02, 5.600000024E-01, 3.042502441E+02
         1,-6.200000048E-01,-2.499999851E-01, 8.000000119E-01, 3.000523682E+02
         1,-5.299999714E-01,-5.799999833E-01, 9.999999776E-03, 3.014959412E+02
         1,-9.999999776E-03,-7.500000000E-01, 3.899999857E-01, 2.994855957E+02
         1,-1.300000072E+00, 4.000000060E-01, 9.999998845E-03, 2.876421814E+02
         1,-1.399999976E+00,-5.199999809E-01, 5.000000000E-01, 2.882524719E+02
         1, 1.000000015E-01, 2.000000179E-01, 6.000000834E-01, 2.886270142E+02
         1,-8.199999928E-01,-1.700000048E+00, 8.000000119E-01, 3.056322632E+02
         1,-3.000000119E-01,-4.230000019E+00, 1.389999866E+00, 2.959232788E+02
         1,-1.999999955E-02,-1.230000138E+00, 8.000000119E-01, 3.029397583E+02
         1,-6.200000048E-01,-1.230000019E+00, 3.199999928E-01, 3.047718811E+02
         1,-7.200000286E-01,-2.400000095E+00, 3.199999928E-01, 3.053336182E+02
         1,-9.200000167E-01,-2.680000067E+00, 9.999999776E-03, 2.959478760E+02
         1,-9.999999776E-03,-2.450000048E+00, 8.799999952E-01, 2.980390015E+02
         1,-1.399999976E+00,-1.580000043E+00, 6.000000238E-01, 2.887865601E+02
         1,-1.250000119E+00,-2.400000095E+00, 2.500000000E-01, 2.880565796E+02
         1, 1.500000060E-01,-1.600000024E+00, 6.000000238E-01, 2.877974854E+02
         1,-6.199999452E-01,-1.320000052E+00, 1.330000043E+00, 3.036868591E+02
         1,-9.300000072E-01,-9.200000167E-01, 1.480000019E+00, 3.017653503E+02
         1,-9.999999776E-03,-2.799999952E+00, 1.240000010E+00, 2.980251160E+02
         1,-3.000000119E-01,-1.549999833E+00, 1.720000029E+00, 3.017431030E+02
         1,-1.000000047E-03, 1.599999964E-01, 1.389999986E+00, 2.993314514E+02
         1,-7.200000286E-01, 5.699999928E-01, 1.820000052E+00, 3.048819885E+02
         1,-4.199999869E-01,-1.199999973E-01, 1.240000010E+00, 2.996190491E+02
         1,-1.299999952E+00,-1.480000138E+00, 1.799999952E+00, 2.917898254E+02
         1,-1.500000000E+00, 3.000000119E-01, 1.399999976E+00, 2.880815735E+02
         1, 1.000000015E-01,-7.500000000E-01, 1.779999971E+00, 2.986215210E+02
         1, 1.299999803E-01,-2.299999714E+00, 1.299999833E+00, 2.877442017E+02
         1, 1.000000089E-01, 2.300000340E-01, 1.780000091E+00, 2.990733948E+02
         1, 1.299999952E-01,-4.230000019E+00, 7.000000030E-02, 2.883819275E+02
         1,-7.300000191E-01,-2.119999886E+00, 1.519999981E+00, 3.067983398E+02
         1, 1.000000089E-01,-6.999999881E-01, 6.000000238E-01, 2.882100830E+02
         1, 1.500000060E-01,-2.500000238E+00, 6.000000834E-01, 2.875043335E+02
         1,-6.200000048E-01,-2.880000114E+00, 1.870000005E+00, 2.985624390E+02
         1,-1.100000024E+00,-4.170000076E+00, 1.789999962E+00, 2.887517090E+02
         1,-1.299999952E+00,-2.550000191E+00, 1.580000043E+00, 2.915103760E+02
         1, 1.299999952E-01,-3.799999714E+00, 1.299999952E+00, 2.880178528E+02
