cellnumber,    x-coordinate,    y-coordinate,    z-coordinate,total-temperature
         1,-6.200000048E-01,-3.900000095E+00, 1.480000019E+00, 2.872189941E+02
         1,-4.299999774E-01,-3.019999981E+00, 1.090000048E-01, 2.916474609E+02
         1,-6.199999452E-01,-3.200000048E+00, 8.799999952E-01, 2.890769958E+02
         1,-2.000209130E-02,-3.580000162E+00, 4.799999893E-01, 2.876899414E+02
         1,-6.400000453E-01,-4.050000191E+00, 5.199999809E-01, 2.866296692E+02
         1,-3.000000119E-01,-4.030000210E+00, 9.999999776E-03, 2.866887207E+02
         1,-9.300044775E-01,-4.449999809E+00, 8.800000548E-01, 2.874344177E+02
         1,-1.200000048E+00,-3.099999666E+00, 1.499999911E-01, 2.873020325E+02
         1,-1.200000048E+00,-4.199999809E+00, 5.000000000E-01, 2.870173950E+02
         1, 1.299999952E-01,-3.549999952E+00, 7.000000030E-02, 2.863903809E+02
         1,-9.200000167E-01,-3.599999905E+00, 1.779999971E+00, 2.893281250E+02
         1,-8.199999928E-01, 7.000000030E-02, 8.000000119E-01, 2.877799377E+02
         1,-3.099999726E-01, 5.600000024E-01, 7.999999821E-02, 2.887835388E+02
         1,-3.300000131E-01, 7.999991626E-02, 5.600000024E-01, 2.875776672E+02
         1,-6.200000048E-01,-2.500000000E-01, 7.999999523E-01, 2.885064697E+02
         1,-5.299999714E-01,-5.799999833E-01, 1.000000071E-02, 2.879545288E+02
         1,-1.000798121E-02,-7.500000000E-01, 3.899999857E-01, 2.873514709E+02
         1,-1.299999952E+00, 4.000000060E-01, 9.999998845E-03, 2.868170471E+02
         1,-1.399999857E+00,-5.199999809E-01, 4.999999702E-01, 2.866666260E+02
         1, 1.000000015E-01, 1.999999881E-01, 6.000000238E-01, 2.872314453E+02
         1,-8.199999928E-01,-1.700000048E+00, 8.000000119E-01, 2.882698669E+02
         1,-2.999999821E-01,-4.230000019E+00, 1.389999866E+00, 2.867481079E+02
         1,-1.999999955E-02,-1.230000019E+00, 8.000000119E-01, 2.878387146E+02
         1,-6.200000048E-01,-1.230000019E+00, 3.199999928E-01, 2.885188599E+02
         1,-7.200000286E-01,-2.400000095E+00, 3.199999928E-01, 2.886371765E+02
         1,-9.200001359E-01,-2.680000067E+00, 9.999999776E-03, 2.880964355E+02
         1,-1.001500897E-02,-2.450000048E+00, 8.799999952E-01, 2.874341431E+02
         1,-1.399999857E+00,-1.579999924E+00, 5.999999642E-01, 2.866563721E+02
         1,-1.250000119E+00,-2.400000572E+00, 2.500000298E-01, 2.868690186E+02
         1, 1.500000209E-01,-1.600000143E+00, 6.000000238E-01, 2.864315491E+02
         1,-6.199999452E-01,-1.320000052E+00, 1.330000043E+00, 2.883668823E+02
         1,-9.299999475E-01,-9.200000167E-01, 1.480000019E+00, 2.879275513E+02
         1,-9.999820963E-03,-2.799999952E+00, 1.240000010E+00, 2.876651306E+02
         1,-3.000000417E-01,-1.549999952E+00, 1.720000029E+00, 2.884656067E+02
         1,-1.001112047E-03, 1.599999964E-01, 1.389999986E+00, 2.886331177E+02
         1,-7.200000286E-01, 5.699999928E-01, 1.820000052E+00, 2.888220825E+02
         1,-4.200015366E-01,-1.199999973E-01, 1.240000010E+00, 2.880109558E+02
         1,-1.299999952E+00,-1.480000019E+00, 1.799999952E+00, 2.870143738E+02
         1,-1.499999881E+00, 2.999999821E-01, 1.399999857E+00, 2.868606873E+02
         1, 1.000000015E-01,-7.500000000E-01, 1.780000091E+00, 2.866302490E+02
         1, 1.299999952E-01,-2.299999952E+00, 1.299999952E+00, 2.864842224E+02
         1, 1.000000089E-01, 2.300000042E-01, 1.779999971E+00, 2.869136658E+02
         1, 1.299999952E-01,-4.230000019E+00, 7.000000030E-02, 2.863397217E+02
         1,-7.300000191E-01,-2.119999886E+00, 1.519999981E+00, 2.894783630E+02
         1, 1.000000015E-01,-6.999999881E-01, 6.000000238E-01, 2.866907349E+02
         1, 1.500000060E-01,-2.500000238E+00, 6.000000834E-01, 2.864078674E+02
         1,-6.200000048E-01,-2.880000114E+00, 1.870000005E+00, 2.895031128E+02
         1,-1.100000024E+00,-4.170000076E+00, 1.789999962E+00, 2.869685364E+02
         1,-1.299999952E+00,-2.549999952E+00, 1.580000043E+00, 2.872730713E+02
         1, 1.299999952E-01,-3.799999952E+00, 1.299999952E+00, 2.865213318E+02
