cellnumber,    x-coordinate,    y-coordinate,    z-coordinate,total-temperature
         1,-6.200000048E-01,-3.900000095E+00, 1.480000019E+00, 2.869110413E+02
         1,-4.299999774E-01,-3.019999981E+00, 1.090000048E-01, 2.899397278E+02
         1,-6.199999452E-01,-3.200000048E+00, 8.799999952E-01, 2.880276184E+02
         1,-2.000209130E-02,-3.580000162E+00, 4.799999893E-01, 2.871894531E+02
         1,-6.400000453E-01,-4.050000191E+00, 5.199999809E-01, 2.864760742E+02
         1,-3.000000119E-01,-4.030000210E+00, 9.999999776E-03, 2.865130920E+02
         1,-9.300044775E-01,-4.449999809E+00, 8.800000548E-01, 2.870468750E+02
         1,-1.200000048E+00,-3.099999666E+00, 1.499999911E-01, 2.868973694E+02
         1,-1.200000048E+00,-4.199999809E+00, 5.000000000E-01, 2.867054138E+02
         1, 1.299999952E-01,-3.549999952E+00, 7.000000030E-02, 2.862707520E+02
         1,-9.200000167E-01,-3.599999905E+00, 1.779999971E+00, 2.881981812E+02
         1,-8.199999928E-01, 7.000000030E-02, 8.000000119E-01, 2.872740784E+02
         1,-3.099999726E-01, 5.600000024E-01, 7.999999821E-02, 2.878901367E+02
         1,-3.300000131E-01, 7.999991626E-02, 5.600000024E-01, 2.871461792E+02
         1,-6.200000048E-01,-2.500000000E-01, 7.999999523E-01, 2.876926575E+02
         1,-5.299999714E-01,-5.799999833E-01, 1.000000071E-02, 2.873727722E+02
         1,-1.000798121E-02,-7.500000000E-01, 3.899999857E-01, 2.869867249E+02
         1,-1.299999952E+00, 4.000000060E-01, 9.999998845E-03, 2.865678101E+02
         1,-1.399999857E+00,-5.199999809E-01, 4.999999702E-01, 2.864637146E+02
         1, 1.000000015E-01, 1.999999881E-01, 6.000000238E-01, 2.868598938E+02
         1,-8.199999928E-01,-1.700000048E+00, 8.000000119E-01, 2.875680847E+02
         1,-2.999999821E-01,-4.230000019E+00, 1.389999866E+00, 2.865474548E+02
         1,-1.999999955E-02,-1.230000019E+00, 8.000000119E-01, 2.873071594E+02
         1,-6.200000048E-01,-1.230000019E+00, 3.199999928E-01, 2.877506104E+02
         1,-7.200000286E-01,-2.400000095E+00, 3.199999928E-01, 2.877984314E+02
         1,-9.200001359E-01,-2.680000067E+00, 9.999999776E-03, 2.874715576E+02
         1,-1.001500897E-02,-2.450000048E+00, 8.799999952E-01, 2.870140381E+02
         1,-1.399999857E+00,-1.579999924E+00, 5.999999642E-01, 2.864550171E+02
         1,-1.250000119E+00,-2.400000572E+00, 2.500000298E-01, 2.866022034E+02
         1, 1.500000209E-01,-1.600000143E+00, 6.000000238E-01, 2.863005066E+02
         1,-6.199999452E-01,-1.320000052E+00, 1.330000043E+00, 2.876185913E+02
         1,-9.299999475E-01,-9.200000167E-01, 1.480000019E+00, 2.873385620E+02
         1,-9.999820963E-03,-2.799999952E+00, 1.240000010E+00, 2.871748047E+02
         1,-3.000000417E-01,-1.549999952E+00, 1.720000029E+00, 2.876688538E+02
         1,-1.001112047E-03, 1.599999964E-01, 1.389999986E+00, 2.877456360E+02
         1,-7.200000286E-01, 5.699999928E-01, 1.820000052E+00, 2.878551025E+02
         1,-4.200015366E-01,-1.199999973E-01, 1.240000010E+00, 2.873749390E+02
         1,-1.299999952E+00,-1.480000019E+00, 1.799999952E+00, 2.866949158E+02
         1,-1.499999881E+00, 2.999999821E-01, 1.399999857E+00, 2.865885620E+02
         1, 1.000000015E-01,-7.500000000E-01, 1.780000091E+00, 2.864162903E+02
         1, 1.299999952E-01,-2.299999952E+00, 1.299999952E+00, 2.863301392E+02
         1, 1.000000089E-01, 2.300000042E-01, 1.779999971E+00, 2.865990601E+02
         1, 1.299999952E-01,-4.230000019E+00, 7.000000030E-02, 2.862363586E+02
         1,-7.300000191E-01,-2.119999886E+00, 1.519999981E+00, 2.882275696E+02
         1, 1.000000015E-01,-6.999999881E-01, 6.000000238E-01, 2.864813232E+02
         1, 1.500000060E-01,-2.500000238E+00, 6.000000834E-01, 2.862842407E+02
         1,-6.200000048E-01,-2.880000114E+00, 1.870000005E+00, 2.882761230E+02
         1,-1.100000024E+00,-4.170000076E+00, 1.789999962E+00, 2.866712952E+02
         1,-1.299999952E+00,-2.549999952E+00, 1.580000043E+00, 2.868722534E+02
         1, 1.299999952E-01,-3.799999952E+00, 1.299999952E+00, 2.863511658E+02
