cellnumber,    x-coordinate,    y-coordinate,    z-coordinate,total-temperature
         1,-6.200000048E-01,-3.900000095E+00, 1.480000019E+00, 2.868751221E+02
         1,-4.299999774E-01,-3.019999981E+00, 1.090000048E-01, 2.894951782E+02
         1,-6.199999452E-01,-3.200000048E+00, 8.799999952E-01, 2.878692627E+02
         1,-2.000209130E-02,-3.580000162E+00, 4.799999893E-01, 2.871154785E+02
         1,-6.400000453E-01,-4.050000191E+00, 5.199999809E-01, 2.864572144E+02
         1,-3.000000119E-01,-4.030000210E+00, 9.999999776E-03, 2.864907837E+02
         1,-9.300044775E-01,-4.449999809E+00, 8.800000548E-01, 2.870006104E+02
         1,-1.200000048E+00,-3.099999666E+00, 1.499999911E-01, 2.868290405E+02
         1,-1.200000048E+00,-4.199999809E+00, 5.000000000E-01, 2.866602173E+02
         1, 1.299999952E-01,-3.549999952E+00, 7.000000030E-02, 2.862527161E+02
         1,-9.200000167E-01,-3.599999905E+00, 1.779999971E+00, 2.880104980E+02
         1,-8.199999928E-01, 7.000000030E-02, 8.000000119E-01, 2.872067566E+02
         1,-3.099999726E-01, 5.600000024E-01, 7.999999821E-02, 2.877575684E+02
         1,-3.300000131E-01, 7.999991626E-02, 5.600000024E-01, 2.870864258E+02
         1,-6.200000048E-01,-2.500000000E-01, 7.999999523E-01, 2.875693665E+02
         1,-5.299999714E-01,-5.799999833E-01, 1.000000071E-02, 2.872882385E+02
         1,-1.000798121E-02,-7.500000000E-01, 3.899999857E-01, 2.869366455E+02
         1,-1.299999952E+00, 4.000000060E-01, 9.999998845E-03, 2.865292664E+02
         1,-1.399999857E+00,-5.199999809E-01, 4.999999702E-01, 2.864332275E+02
         1, 1.000000015E-01, 1.999999881E-01, 6.000000238E-01, 2.868072205E+02
         1,-8.199999928E-01,-1.700000048E+00, 8.000000119E-01, 2.874716797E+02
         1,-2.999999821E-01,-4.230000019E+00, 1.389999866E+00, 2.865194092E+02
         1,-1.999999955E-02,-1.230000019E+00, 8.000000119E-01, 2.872352295E+02
         1,-6.200000048E-01,-1.230000019E+00, 3.199999928E-01, 2.876265259E+02
         1,-7.200000286E-01,-2.400000095E+00, 3.199999928E-01, 2.876772461E+02
         1,-9.200001359E-01,-2.680000067E+00, 9.999999776E-03, 2.873709412E+02
         1,-1.001500897E-02,-2.450000048E+00, 8.799999952E-01, 2.869535522E+02
         1,-1.399999857E+00,-1.579999924E+00, 5.999999642E-01, 2.864254150E+02
         1,-1.250000119E+00,-2.400000572E+00, 2.500000298E-01, 2.865626831E+02
         1, 1.500000209E-01,-1.600000143E+00, 6.000000238E-01, 2.862819824E+02
         1,-6.199999452E-01,-1.320000052E+00, 1.330000043E+00, 2.875150757E+02
         1,-9.299999475E-01,-9.200000167E-01, 1.480000019E+00, 2.872580261E+02
         1,-9.999820963E-03,-2.799999952E+00, 1.240000010E+00, 2.871059875E+02
         1,-3.000000417E-01,-1.549999952E+00, 1.720000029E+00, 2.875563354E+02
         1,-1.001112047E-03, 1.599999964E-01, 1.389999986E+00, 2.876111755E+02
         1,-7.200000286E-01, 5.699999928E-01, 1.820000052E+00, 2.877250061E+02
         1,-4.200015366E-01,-1.199999973E-01, 1.240000010E+00, 2.872764893E+02
         1,-1.299999952E+00,-1.480000019E+00, 1.799999952E+00, 2.866478577E+02
         1,-1.499999881E+00, 2.999999821E-01, 1.399999857E+00, 2.865485535E+02
         1, 1.000000015E-01,-7.500000000E-01, 1.780000091E+00, 2.863854065E+02
         1, 1.299999952E-01,-2.299999952E+00, 1.299999952E+00, 2.863078003E+02
         1, 1.000000089E-01, 2.300000042E-01, 1.779999971E+00, 2.865539246E+02
         1, 1.299999952E-01,-4.230000019E+00, 7.000000030E-02, 2.862208252E+02
         1,-7.300000191E-01,-2.119999886E+00, 1.519999981E+00, 2.880317383E+02
         1, 1.000000015E-01,-6.999999881E-01, 6.000000238E-01, 2.864517822E+02
         1, 1.500000060E-01,-2.500000238E+00, 6.000000834E-01, 2.862664795E+02
         1,-6.200000048E-01,-2.880000114E+00, 1.870000005E+00, 2.880632324E+02
         1,-1.100000024E+00,-4.170000076E+00, 1.789999962E+00, 2.866286011E+02
         1,-1.299999952E+00,-2.549999952E+00, 1.580000043E+00, 2.868128662E+02
         1, 1.299999952E-01,-3.799999952E+00, 1.299999952E+00, 2.863263245E+02
