cellnumber,    x-coordinate,    y-coordinate,    z-coordinate,total-temperature
         1,-6.200000048E-01,-3.900000095E+00, 1.480000019E+00, 2.870401611E+02
         1,-4.299999774E-01,-3.019999981E+00, 1.090000048E-01, 2.909184570E+02
         1,-6.199999452E-01,-3.200000048E+00, 8.799999952E-01, 2.885276184E+02
         1,-2.000209130E-02,-3.580000162E+00, 4.799999893E-01, 2.874240723E+02
         1,-6.400000453E-01,-4.050000191E+00, 5.199999809E-01, 2.865426331E+02
         1,-3.000000119E-01,-4.030000210E+00, 9.999999776E-03, 2.865904541E+02
         1,-9.300044775E-01,-4.449999809E+00, 8.800000548E-01, 2.872145996E+02
         1,-1.200000048E+00,-3.099999666E+00, 1.499999911E-01, 2.870945435E+02
         1,-1.200000048E+00,-4.199999809E+00, 5.000000000E-01, 2.868503723E+02
         1, 1.299999952E-01,-3.549999952E+00, 7.000000030E-02, 2.863272400E+02
         1,-9.200000167E-01,-3.599999905E+00, 1.779999971E+00, 2.887555237E+02
         1,-8.199999928E-01, 7.000000030E-02, 8.000000119E-01, 2.875002136E+02
         1,-3.099999726E-01, 5.600000024E-01, 7.999999821E-02, 2.883162537E+02
         1,-3.300000131E-01, 7.999991626E-02, 5.600000024E-01, 2.873408203E+02
         1,-6.200000048E-01,-2.500000000E-01, 7.999999523E-01, 2.880809021E+02
         1,-5.299999714E-01,-5.799999833E-01, 1.000000071E-02, 2.876437683E+02
         1,-1.000798121E-02,-7.500000000E-01, 3.899999857E-01, 2.871516724E+02
         1,-1.299999952E+00, 4.000000060E-01, 9.999998845E-03, 2.866860352E+02
         1,-1.399999857E+00,-5.199999809E-01, 4.999999702E-01, 2.865591736E+02
         1, 1.000000015E-01, 1.999999881E-01, 6.000000238E-01, 2.870307007E+02
         1,-8.199999928E-01,-1.700000048E+00, 8.000000119E-01, 2.878879700E+02
         1,-2.999999821E-01,-4.230000019E+00, 1.389999866E+00, 2.866395264E+02
         1,-1.999999955E-02,-1.230000019E+00, 8.000000119E-01, 2.875513611E+02
         1,-6.200000048E-01,-1.230000019E+00, 3.199999928E-01, 2.881233521E+02
         1,-7.200000286E-01,-2.400000095E+00, 3.199999928E-01, 2.881885986E+02
         1,-9.200001359E-01,-2.680000067E+00, 9.999999776E-03, 2.877721558E+02
         1,-1.001500897E-02,-2.450000048E+00, 8.799999952E-01, 2.872091980E+02
         1,-1.399999857E+00,-1.579999924E+00, 5.999999642E-01, 2.865491333E+02
         1,-1.250000119E+00,-2.400000572E+00, 2.500000298E-01, 2.867272644E+02
         1, 1.500000209E-01,-1.600000143E+00, 6.000000238E-01, 2.863610840E+02
         1,-6.199999452E-01,-1.320000052E+00, 1.330000043E+00, 2.879615479E+02
         1,-9.299999475E-01,-9.200000167E-01, 1.480000019E+00, 2.876063232E+02
         1,-9.999820963E-03,-2.799999952E+00, 1.240000010E+00, 2.874001465E+02
         1,-3.000000417E-01,-1.549999952E+00, 1.720000029E+00, 2.880398254E+02
         1,-1.001112047E-03, 1.599999964E-01, 1.389999986E+00, 2.881677246E+02
         1,-7.200000286E-01, 5.699999928E-01, 1.820000052E+00, 2.882980042E+02
         1,-4.200015366E-01,-1.199999973E-01, 1.240000010E+00, 2.876793823E+02
         1,-1.299999952E+00,-1.480000019E+00, 1.799999952E+00, 2.868447876E+02
         1,-1.499999881E+00, 2.999999821E-01, 1.399999857E+00, 2.867162476E+02
         1, 1.000000015E-01,-7.500000000E-01, 1.780000091E+00, 2.865159912E+02
         1, 1.299999952E-01,-2.299999952E+00, 1.299999952E+00, 2.864032593E+02
         1, 1.000000089E-01, 2.300000042E-01, 1.779999971E+00, 2.867457275E+02
         1, 1.299999952E-01,-4.230000019E+00, 7.000000030E-02, 2.862849121E+02
         1,-7.300000191E-01,-2.119999886E+00, 1.519999981E+00, 2.888340149E+02
         1, 1.000000015E-01,-6.999999881E-01, 6.000000238E-01, 2.865781250E+02
         1, 1.500000060E-01,-2.500000238E+00, 6.000000834E-01, 2.863413696E+02
         1,-6.200000048E-01,-2.880000114E+00, 1.870000005E+00, 2.888917542E+02
         1,-1.100000024E+00,-4.170000076E+00, 1.789999962E+00, 2.868092041E+02
         1,-1.299999952E+00,-2.549999952E+00, 1.580000043E+00, 2.870605469E+02
         1, 1.299999952E-01,-3.799999952E+00, 1.299999952E+00, 2.864311218E+02
