cellnumber,    x-coordinate,    y-coordinate,    z-coordinate,total-temperature
         1,-6.200000048E-01,-3.900000095E+00, 1.480000019E+00, 2.869787598E+02
         1,-4.299999774E-01,-3.019999981E+00, 1.090000048E-01, 2.905336609E+02
         1,-6.199999452E-01,-3.200000048E+00, 8.799999952E-01, 2.883038025E+02
         1,-2.000209130E-02,-3.580000162E+00, 4.799999893E-01, 2.873185425E+02
         1,-6.400000453E-01,-4.050000191E+00, 5.199999809E-01, 2.865116882E+02
         1,-3.000000119E-01,-4.030000210E+00, 9.999999776E-03, 2.865546875E+02
         1,-9.300044775E-01,-4.449999809E+00, 8.800000548E-01, 2.871357727E+02
         1,-1.200000048E+00,-3.099999666E+00, 1.499999911E-01, 2.870081787E+02
         1,-1.200000048E+00,-4.199999809E+00, 5.000000000E-01, 2.867848206E+02
         1, 1.299999952E-01,-3.549999952E+00, 7.000000030E-02, 2.863019104E+02
         1,-9.200000167E-01,-3.599999905E+00, 1.779999971E+00, 2.885115662E+02
         1,-8.199999928E-01, 7.000000030E-02, 8.000000119E-01, 2.873960266E+02
         1,-3.099999726E-01, 5.600000024E-01, 7.999999821E-02, 2.881250916E+02
         1,-3.300000131E-01, 7.999991626E-02, 5.600000024E-01, 2.872518921E+02
         1,-6.200000048E-01,-2.500000000E-01, 7.999999523E-01, 2.879073486E+02
         1,-5.299999714E-01,-5.799999833E-01, 1.000000071E-02, 2.875214539E+02
         1,-1.000798121E-02,-7.500000000E-01, 3.899999857E-01, 2.870762634E+02
         1,-1.299999952E+00, 4.000000060E-01, 9.999998845E-03, 2.866331787E+02
         1,-1.399999857E+00,-5.199999809E-01, 4.999999702E-01, 2.865164185E+02
         1, 1.000000015E-01, 1.999999881E-01, 6.000000238E-01, 2.869530029E+02
         1,-8.199999928E-01,-1.700000048E+00, 8.000000119E-01, 2.877416687E+02
         1,-2.999999821E-01,-4.230000019E+00, 1.389999866E+00, 2.865975647E+02
         1,-1.999999955E-02,-1.230000019E+00, 8.000000119E-01, 2.874403992E+02
         1,-6.200000048E-01,-1.230000019E+00, 3.199999928E-01, 2.879591064E+02
         1,-7.200000286E-01,-2.400000095E+00, 3.199999928E-01, 2.880119324E+02
         1,-9.200001359E-01,-2.680000067E+00, 9.999999776E-03, 2.876395874E+02
         1,-1.001500897E-02,-2.450000048E+00, 8.799999952E-01, 2.871209412E+02
         1,-1.399999857E+00,-1.579999924E+00, 5.999999642E-01, 2.865065308E+02
         1,-1.250000119E+00,-2.400000572E+00, 2.500000298E-01, 2.866710510E+02
         1, 1.500000209E-01,-1.600000143E+00, 6.000000238E-01, 2.863336792E+02
         1,-6.199999452E-01,-1.320000052E+00, 1.330000043E+00, 2.878051758E+02
         1,-9.299999475E-01,-9.200000167E-01, 1.480000019E+00, 2.874840393E+02
         1,-9.999820963E-03,-2.799999952E+00, 1.240000010E+00, 2.872977295E+02
         1,-3.000000417E-01,-1.549999952E+00, 1.720000029E+00, 2.878714600E+02
         1,-1.001112047E-03, 1.599999964E-01, 1.389999986E+00, 2.879783020E+02
         1,-7.200000286E-01, 5.699999928E-01, 1.820000052E+00, 2.880949097E+02
         1,-4.200015366E-01,-1.199999973E-01, 1.240000010E+00, 2.875442810E+02
         1,-1.299999952E+00,-1.480000019E+00, 1.799999952E+00, 2.867773743E+02
         1,-1.499999881E+00, 2.999999821E-01, 1.399999857E+00, 2.866588135E+02
         1, 1.000000015E-01,-7.500000000E-01, 1.780000091E+00, 2.864709167E+02
         1, 1.299999952E-01,-2.299999952E+00, 1.299999952E+00, 2.863706970E+02
         1, 1.000000089E-01, 2.300000042E-01, 1.779999971E+00, 2.866794128E+02
         1, 1.299999952E-01,-4.230000019E+00, 7.000000030E-02, 2.862631836E+02
         1,-7.300000191E-01,-2.119999886E+00, 1.519999981E+00, 2.885651855E+02
         1, 1.000000015E-01,-6.999999881E-01, 6.000000238E-01, 2.865341492E+02
         1, 1.500000060E-01,-2.500000238E+00, 6.000000834E-01, 2.863153992E+02
         1,-6.200000048E-01,-2.880000114E+00, 1.870000005E+00, 2.886250000E+02
         1,-1.100000024E+00,-4.170000076E+00, 1.789999962E+00, 2.867468262E+02
         1,-1.299999952E+00,-2.549999952E+00, 1.580000043E+00, 2.869758606E+02
         1, 1.299999952E-01,-3.799999952E+00, 1.299999952E+00, 2.863953857E+02
