cellnumber,    x-coordinate,    y-coordinate,    z-coordinate,total-temperature
         1,-6.200000048E-01,-3.900000095E+00, 1.480000019E+00, 2.940680847E+02
         1,-4.299999774E-01,-3.019999981E+00, 1.090000048E-01, 2.914764099E+02
         1,-6.199999452E-01,-3.200000048E+00, 8.799999952E-01, 2.941035461E+02
         1,-2.000002004E-02,-3.579999924E+00, 4.800000489E-01, 2.900099182E+02
         1,-6.400000453E-01,-4.050000191E+00, 5.199999809E-01, 2.938927917E+02
         1,-3.000000119E-01,-4.030000687E+00, 1.000000071E-02, 2.936249084E+02
         1,-9.299998879E-01,-4.449999809E+00, 8.799999952E-01, 2.942360229E+02
         1,-1.200000048E+00,-3.100000143E+00, 1.500000060E-01, 2.995003052E+02
         1,-1.199999928E+00,-4.199999809E+00, 5.000000000E-01, 2.999052124E+02
         1, 1.300000101E-01,-3.549999952E+00, 7.000000030E-02, 2.870334473E+02
         1,-9.200000763E-01,-3.599999905E+00, 1.779999971E+00, 2.942903748E+02
         1,-8.199999928E-01, 7.000000030E-02, 7.999999523E-01, 2.946893005E+02
         1,-3.100000024E-01, 5.600000024E-01, 7.999999076E-02, 2.913264465E+02
         1,-3.300000131E-01, 7.999999821E-02, 5.600000024E-01, 2.931203308E+02
         1,-6.200000048E-01,-2.499999851E-01, 8.000000119E-01, 2.936315918E+02
         1,-5.299999714E-01,-5.799999833E-01, 9.999999776E-03, 2.905518494E+02
         1,-9.999999776E-03,-7.500000000E-01, 3.899999857E-01, 2.905674744E+02
         1,-1.299999952E+00, 4.000000060E-01, 9.999999776E-03, 2.963439026E+02
         1,-1.400000095E+00,-5.200000405E-01, 5.000000000E-01, 2.944943542E+02
         1, 1.000000089E-01, 2.000000328E-01, 6.000000834E-01, 2.923555298E+02
         1,-8.199999928E-01,-1.700000048E+00, 8.000000119E-01, 2.954468384E+02
         1,-3.000000119E-01,-4.230000019E+00, 1.389999866E+00, 2.878547058E+02
         1,-1.999999955E-02,-1.230000138E+00, 8.000000119E-01, 2.919244080E+02
         1,-6.200000048E-01,-1.230000019E+00, 3.199999928E-01, 2.941498413E+02
         1,-7.200000286E-01,-2.400000095E+00, 3.199999928E-01, 2.954004211E+02
         1,-9.200000167E-01,-2.680000067E+00, 9.999999776E-03, 2.908712463E+02
         1,-9.999999776E-03,-2.450000048E+00, 8.799999952E-01, 2.908837891E+02
         1,-1.399999857E+00,-1.579999924E+00, 6.000000238E-01, 2.955810547E+02
         1,-1.250000000E+00,-2.400000095E+00, 2.500000000E-01, 2.981067200E+02
         1, 1.500000060E-01,-1.600000024E+00, 6.000000238E-01, 2.867487488E+02
         1,-6.199999452E-01,-1.320000052E+00, 1.330000043E+00, 2.942122498E+02
         1,-9.300000072E-01,-9.200000167E-01, 1.480000019E+00, 2.943238525E+02
         1,-9.999999776E-03,-2.799999952E+00, 1.240000010E+00, 2.905779724E+02
         1,-3.000000119E-01,-1.549999833E+00, 1.720000029E+00, 2.917807007E+02
         1,-1.000000047E-03, 1.599999964E-01, 1.389999986E+00, 2.914458313E+02
         1,-7.200000286E-01, 5.699999928E-01, 1.820000052E+00, 2.969388123E+02
         1,-4.199999869E-01,-1.199999973E-01, 1.240000010E+00, 2.917995605E+02
         1,-1.299999833E+00,-1.479999900E+00, 1.799999833E+00, 2.936939087E+02
         1,-1.499999881E+00, 2.999999821E-01, 1.399999857E+00, 2.919843750E+02
         1, 1.000000015E-01,-7.500000000E-01, 1.779999971E+00, 2.917323914E+02
         1, 1.299999952E-01,-2.299999952E+00, 1.299999833E+00, 2.875480957E+02
         1, 1.000000015E-01, 2.300000042E-01, 1.780000091E+00, 2.931372986E+02
         1, 1.299999952E-01,-4.230000019E+00, 7.000000030E-02, 2.863382568E+02
         1,-7.300000191E-01,-2.119999886E+00, 1.519999981E+00, 2.987618103E+02
         1, 1.000000015E-01,-6.999999881E-01, 6.000000238E-01, 2.893696594E+02
         1, 1.499999911E-01,-2.499999762E+00, 5.999999642E-01, 2.865896606E+02
         1,-6.200000048E-01,-2.880000114E+00, 1.870000005E+00, 2.903104858E+02
         1,-1.100000143E+00,-4.170000553E+00, 1.790000081E+00, 2.959704285E+02
         1,-1.299999952E+00,-2.549999952E+00, 1.580000043E+00, 2.928998718E+02
         1, 1.299999952E-01,-3.800000191E+00, 1.300000072E+00, 2.860451660E+02
