cellnumber,    x-coordinate,    y-coordinate,    z-coordinate,total-temperature
         1,-6.200000048E-01,-3.900000095E+00, 1.480000019E+00, 2.858175964E+02
         1,-4.299999774E-01,-3.019999981E+00, 1.090000048E-01, 2.900154114E+02
         1,-6.199999452E-01,-3.200000048E+00, 8.799999952E-01, 2.888656006E+02
         1,-2.000002004E-02,-3.579999924E+00, 4.800000489E-01, 2.860865173E+02
         1,-6.400000453E-01,-4.050000191E+00, 5.199999809E-01, 2.846203613E+02
         1,-3.000000119E-01,-4.030000687E+00, 1.000000071E-02, 2.846676331E+02
         1,-9.299998879E-01,-4.449999809E+00, 8.799999952E-01, 2.867491150E+02
         1,-1.200000048E+00,-3.100000143E+00, 1.500000060E-01, 2.855408325E+02
         1,-1.199999928E+00,-4.199999809E+00, 5.000000000E-01, 2.850503540E+02
         1, 1.300000101E-01,-3.549999952E+00, 7.000000030E-02, 2.837505493E+02
         1,-9.200000763E-01,-3.599999905E+00, 1.779999971E+00, 2.893822021E+02
         1,-8.199999928E-01, 7.000000030E-02, 7.999999523E-01, 2.881896973E+02
         1,-3.100000024E-01, 5.600000024E-01, 7.999999076E-02, 2.886255798E+02
         1,-3.300000131E-01, 7.999999821E-02, 5.600000024E-01, 2.874054565E+02
         1,-6.200000048E-01,-2.499999851E-01, 8.000000119E-01, 2.889909973E+02
         1,-5.299999714E-01,-5.799999833E-01, 9.999999776E-03, 2.890607910E+02
         1,-9.999999776E-03,-7.500000000E-01, 3.899999857E-01, 2.859279480E+02
         1,-1.299999952E+00, 4.000000060E-01, 9.999999776E-03, 2.845827637E+02
         1,-1.400000095E+00,-5.200000405E-01, 5.000000000E-01, 2.843699341E+02
         1, 1.000000089E-01, 2.000000328E-01, 6.000000834E-01, 2.860388184E+02
         1,-8.199999928E-01,-1.700000048E+00, 8.000000119E-01, 2.893429565E+02
         1,-3.000000119E-01,-4.230000019E+00, 1.389999866E+00, 2.844124146E+02
         1,-1.999999955E-02,-1.230000138E+00, 8.000000119E-01, 2.873106689E+02
         1,-6.200000048E-01,-1.230000019E+00, 3.199999928E-01, 2.882996216E+02
         1,-7.200000286E-01,-2.400000095E+00, 3.199999928E-01, 2.897992249E+02
         1,-9.200000167E-01,-2.680000067E+00, 9.999999776E-03, 2.876950378E+02
         1,-9.999999776E-03,-2.450000048E+00, 8.799999952E-01, 2.859186401E+02
         1,-1.399999857E+00,-1.579999924E+00, 6.000000238E-01, 2.844085693E+02
         1,-1.250000000E+00,-2.400000095E+00, 2.500000000E-01, 2.849912109E+02
         1, 1.500000060E-01,-1.600000024E+00, 6.000000238E-01, 2.839089661E+02
         1,-6.199999452E-01,-1.320000052E+00, 1.330000043E+00, 2.888995667E+02
         1,-9.300000072E-01,-9.200000167E-01, 1.480000019E+00, 2.867805176E+02
         1,-9.999999776E-03,-2.799999952E+00, 1.240000010E+00, 2.861397400E+02
         1,-3.000000119E-01,-1.549999833E+00, 1.720000029E+00, 2.878110352E+02
         1,-1.000000047E-03, 1.599999964E-01, 1.389999986E+00, 2.890686951E+02
         1,-7.200000286E-01, 5.699999928E-01, 1.820000052E+00, 2.894443970E+02
         1,-4.199999869E-01,-1.199999973E-01, 1.240000010E+00, 2.869145203E+02
         1,-1.299999833E+00,-1.479999900E+00, 1.799999833E+00, 2.850949402E+02
         1,-1.499999881E+00, 2.999999821E-01, 1.399999857E+00, 2.846938782E+02
         1, 1.000000015E-01,-7.500000000E-01, 1.779999971E+00, 2.843806152E+02
         1, 1.299999952E-01,-2.299999952E+00, 1.299999833E+00, 2.842400208E+02
         1, 1.000000015E-01, 2.300000042E-01, 1.780000091E+00, 2.848892822E+02
         1, 1.299999952E-01,-4.230000019E+00, 7.000000030E-02, 2.836442871E+02
         1,-7.300000191E-01,-2.119999886E+00, 1.519999981E+00, 2.897715759E+02
         1, 1.000000015E-01,-6.999999881E-01, 6.000000238E-01, 2.846437073E+02
         1, 1.499999911E-01,-2.499999762E+00, 5.999999642E-01, 2.839269714E+02
         1,-6.200000048E-01,-2.880000114E+00, 1.870000005E+00, 2.885358887E+02
         1,-1.100000143E+00,-4.170000553E+00, 1.790000081E+00, 2.849714050E+02
         1,-1.299999952E+00,-2.549999952E+00, 1.580000043E+00, 2.855375671E+02
         1, 1.299999952E-01,-3.800000191E+00, 1.300000072E+00, 2.839538269E+02
