cellnumber,    x-coordinate,    y-coordinate,    z-coordinate,total-temperature
         1,-6.200000048E-01,-3.900000095E+00, 1.480000019E+00, 2.944628601E+02
         1,-4.299999774E-01,-3.019999981E+00, 1.090000048E-01, 2.913071899E+02
         1,-6.199999452E-01,-3.200000048E+00, 8.799999952E-01, 2.937163086E+02
         1,-2.000002004E-02,-3.579999924E+00, 4.800000489E-01, 2.899013062E+02
         1,-6.400000453E-01,-4.050000191E+00, 5.199999809E-01, 2.938424072E+02
         1,-3.000000119E-01,-4.030000687E+00, 1.000000071E-02, 2.938787537E+02
         1,-9.299998879E-01,-4.449999809E+00, 8.799999952E-01, 2.968392029E+02
         1,-1.200000048E+00,-3.100000143E+00, 1.500000060E-01, 2.995776672E+02
         1,-1.199999928E+00,-4.199999809E+00, 5.000000000E-01, 2.999305115E+02
         1, 1.300000101E-01,-3.549999952E+00, 7.000000030E-02, 2.872952881E+02
         1,-9.200000763E-01,-3.599999905E+00, 1.779999971E+00, 2.938028870E+02
         1,-8.199999928E-01, 7.000000030E-02, 7.999999523E-01, 2.942572937E+02
         1,-3.100000024E-01, 5.600000024E-01, 7.999999076E-02, 2.920956421E+02
         1,-3.300000131E-01, 7.999999821E-02, 5.600000024E-01, 2.929322815E+02
         1,-6.200000048E-01,-2.499999851E-01, 8.000000119E-01, 2.937500305E+02
         1,-5.299999714E-01,-5.799999833E-01, 9.999999776E-03, 2.911373291E+02
         1,-9.999999776E-03,-7.500000000E-01, 3.899999857E-01, 2.910162048E+02
         1,-1.299999952E+00, 4.000000060E-01, 9.999999776E-03, 2.960447388E+02
         1,-1.400000095E+00,-5.200000405E-01, 5.000000000E-01, 2.945257568E+02
         1, 1.000000089E-01, 2.000000328E-01, 6.000000834E-01, 2.929228821E+02
         1,-8.199999928E-01,-1.700000048E+00, 8.000000119E-01, 2.947075806E+02
         1,-3.000000119E-01,-4.230000019E+00, 1.389999866E+00, 2.873921814E+02
         1,-1.999999955E-02,-1.230000138E+00, 8.000000119E-01, 2.918355408E+02
         1,-6.200000048E-01,-1.230000019E+00, 3.199999928E-01, 2.937975769E+02
         1,-7.200000286E-01,-2.400000095E+00, 3.199999928E-01, 2.949014282E+02
         1,-9.200000167E-01,-2.680000067E+00, 9.999999776E-03, 2.930150146E+02
         1,-9.999999776E-03,-2.450000048E+00, 8.799999952E-01, 2.912224121E+02
         1,-1.399999857E+00,-1.579999924E+00, 6.000000238E-01, 2.955962219E+02
         1,-1.250000000E+00,-2.400000095E+00, 2.500000000E-01, 2.982364807E+02
         1, 1.500000060E-01,-1.600000024E+00, 6.000000238E-01, 2.872517395E+02
         1,-6.199999452E-01,-1.320000052E+00, 1.330000043E+00, 2.940279236E+02
         1,-9.300000072E-01,-9.200000167E-01, 1.480000019E+00, 2.944053345E+02
         1,-9.999999776E-03,-2.799999952E+00, 1.240000010E+00, 2.905899048E+02
         1,-3.000000119E-01,-1.549999833E+00, 1.720000029E+00, 2.919313354E+02
         1,-1.000000047E-03, 1.599999964E-01, 1.389999986E+00, 2.922484436E+02
         1,-7.200000286E-01, 5.699999928E-01, 1.820000052E+00, 2.962524109E+02
         1,-4.199999869E-01,-1.199999973E-01, 1.240000010E+00, 2.922763367E+02
         1,-1.299999833E+00,-1.479999900E+00, 1.799999833E+00, 2.931465454E+02
         1,-1.499999881E+00, 2.999999821E-01, 1.399999857E+00, 2.919578857E+02
         1, 1.000000015E-01,-7.500000000E-01, 1.779999971E+00, 2.900307617E+02
         1, 1.299999952E-01,-2.299999952E+00, 1.299999833E+00, 2.875925598E+02
         1, 1.000000015E-01, 2.300000042E-01, 1.780000091E+00, 2.918212280E+02
         1, 1.299999952E-01,-4.230000019E+00, 7.000000030E-02, 2.866012878E+02
         1,-7.300000191E-01,-2.119999886E+00, 1.519999981E+00, 2.979984436E+02
         1, 1.000000015E-01,-6.999999881E-01, 6.000000238E-01, 2.901352539E+02
         1, 1.499999911E-01,-2.499999762E+00, 5.999999642E-01, 2.871126099E+02
         1,-6.200000048E-01,-2.880000114E+00, 1.870000005E+00, 2.900629272E+02
         1,-1.100000143E+00,-4.170000553E+00, 1.790000081E+00, 2.967217712E+02
         1,-1.299999952E+00,-2.549999952E+00, 1.580000043E+00, 2.922816467E+02
         1, 1.299999952E-01,-3.800000191E+00, 1.300000072E+00, 2.860940857E+02
