cellnumber,    x-coordinate,    y-coordinate,    z-coordinate,total-temperature
         1,-6.200000048E-01,-3.900000095E+00, 1.480000019E+00, 2.893020020E+02
         1,-4.299999774E-01,-3.019999981E+00, 1.090000048E-01, 2.901546936E+02
         1,-6.199999452E-01,-3.200000048E+00, 8.799999952E-01, 2.901342163E+02
         1,-2.000002004E-02,-3.579999924E+00, 4.800000489E-01, 2.876196594E+02
         1,-6.400000453E-01,-4.050000191E+00, 5.199999809E-01, 2.872568970E+02
         1,-3.000000119E-01,-4.030000687E+00, 1.000000071E-02, 2.862819519E+02
         1,-9.299998879E-01,-4.449999809E+00, 8.799999952E-01, 2.899021912E+02
         1,-1.200000048E+00,-3.100000143E+00, 1.500000060E-01, 2.876717224E+02
         1,-1.199999928E+00,-4.199999809E+00, 5.000000000E-01, 2.864892883E+02
         1, 1.300000101E-01,-3.549999952E+00, 7.000000030E-02, 2.842350464E+02
         1,-9.200000763E-01,-3.599999905E+00, 1.779999971E+00, 2.919090576E+02
         1,-8.199999928E-01, 7.000000030E-02, 7.999999523E-01, 2.924509888E+02
         1,-3.100000024E-01, 5.600000024E-01, 7.999999076E-02, 2.929308167E+02
         1,-3.300000131E-01, 7.999999821E-02, 5.600000024E-01, 2.912336731E+02
         1,-6.200000048E-01,-2.499999851E-01, 8.000000119E-01, 2.898937073E+02
         1,-5.299999714E-01,-5.799999833E-01, 9.999999776E-03, 2.916940308E+02
         1,-9.999999776E-03,-7.500000000E-01, 3.899999857E-01, 2.892162781E+02
         1,-1.299999952E+00, 4.000000060E-01, 9.999999776E-03, 2.855478821E+02
         1,-1.400000095E+00,-5.200000405E-01, 5.000000000E-01, 2.854198303E+02
         1, 1.000000089E-01, 2.000000328E-01, 6.000000834E-01, 2.877110596E+02
         1,-8.199999928E-01,-1.700000048E+00, 8.000000119E-01, 2.923182068E+02
         1,-3.000000119E-01,-4.230000019E+00, 1.389999866E+00, 2.855443420E+02
         1,-1.999999955E-02,-1.230000138E+00, 8.000000119E-01, 2.903653564E+02
         1,-6.200000048E-01,-1.230000019E+00, 3.199999928E-01, 2.919316101E+02
         1,-7.200000286E-01,-2.400000095E+00, 3.199999928E-01, 2.924234009E+02
         1,-9.200000167E-01,-2.680000067E+00, 9.999999776E-03, 2.903393860E+02
         1,-9.999999776E-03,-2.450000048E+00, 8.799999952E-01, 2.881581726E+02
         1,-1.399999857E+00,-1.579999924E+00, 6.000000238E-01, 2.854896240E+02
         1,-1.250000000E+00,-2.400000095E+00, 2.500000000E-01, 2.866646729E+02
         1, 1.500000060E-01,-1.600000024E+00, 6.000000238E-01, 2.843634949E+02
         1,-6.199999452E-01,-1.320000052E+00, 1.330000043E+00, 2.925637207E+02
         1,-9.300000072E-01,-9.200000167E-01, 1.480000019E+00, 2.900386353E+02
         1,-9.999999776E-03,-2.799999952E+00, 1.240000010E+00, 2.879677124E+02
         1,-3.000000119E-01,-1.549999833E+00, 1.720000029E+00, 2.900064697E+02
         1,-1.000000047E-03, 1.599999964E-01, 1.389999986E+00, 2.909612427E+02
         1,-7.200000286E-01, 5.699999928E-01, 1.820000052E+00, 2.928490906E+02
         1,-4.199999869E-01,-1.199999973E-01, 1.240000010E+00, 2.903898926E+02
         1,-1.299999833E+00,-1.479999900E+00, 1.799999833E+00, 2.858435364E+02
         1,-1.499999881E+00, 2.999999821E-01, 1.399999857E+00, 2.855966187E+02
         1, 1.000000015E-01,-7.500000000E-01, 1.779999971E+00, 2.855700684E+02
         1, 1.299999952E-01,-2.299999952E+00, 1.299999833E+00, 2.849778137E+02
         1, 1.000000015E-01, 2.300000042E-01, 1.780000091E+00, 2.865185547E+02
         1, 1.299999952E-01,-4.230000019E+00, 7.000000030E-02, 2.840785217E+02
         1,-7.300000191E-01,-2.119999886E+00, 1.519999981E+00, 2.933359375E+02
         1, 1.000000015E-01,-6.999999881E-01, 6.000000238E-01, 2.854005127E+02
         1, 1.499999911E-01,-2.499999762E+00, 5.999999642E-01, 2.844057922E+02
         1,-6.200000048E-01,-2.880000114E+00, 1.870000005E+00, 2.895059814E+02
         1,-1.100000143E+00,-4.170000553E+00, 1.790000081E+00, 2.868430786E+02
         1,-1.299999952E+00,-2.549999952E+00, 1.580000043E+00, 2.870799866E+02
         1, 1.299999952E-01,-3.800000191E+00, 1.300000072E+00, 2.845532532E+02
