cellnumber,    x-coordinate,    y-coordinate,    z-coordinate,total-temperature
         1,-6.200000048E-01,-3.900000095E+00, 1.480000019E+00, 2.856779175E+02
         1,-4.299999774E-01,-3.019999981E+00, 1.090000048E-01, 2.899956970E+02
         1,-6.199999452E-01,-3.200000048E+00, 8.799999952E-01, 2.887406006E+02
         1,-2.000002004E-02,-3.579999924E+00, 4.800000489E-01, 2.860008850E+02
         1,-6.400000453E-01,-4.050000191E+00, 5.199999809E-01, 2.845352783E+02
         1,-3.000000119E-01,-4.030000687E+00, 1.000000071E-02, 2.845909424E+02
         1,-9.299998879E-01,-4.449999809E+00, 8.799999952E-01, 2.865780029E+02
         1,-1.200000048E+00,-3.100000143E+00, 1.500000060E-01, 2.854712830E+02
         1,-1.199999928E+00,-4.199999809E+00, 5.000000000E-01, 2.849813538E+02
         1, 1.300000101E-01,-3.549999952E+00, 7.000000030E-02, 2.837266846E+02
         1,-9.200000763E-01,-3.599999905E+00, 1.779999971E+00, 2.892275391E+02
         1,-8.199999928E-01, 7.000000030E-02, 7.999999523E-01, 2.879724121E+02
         1,-3.100000024E-01, 5.600000024E-01, 7.999999076E-02, 2.883904114E+02
         1,-3.300000131E-01, 7.999999821E-02, 5.600000024E-01, 2.871885681E+02
         1,-6.200000048E-01,-2.499999851E-01, 8.000000119E-01, 2.888763123E+02
         1,-5.299999714E-01,-5.799999833E-01, 9.999999776E-03, 2.889035339E+02
         1,-9.999999776E-03,-7.500000000E-01, 3.899999857E-01, 2.858019104E+02
         1,-1.299999952E+00, 4.000000060E-01, 9.999999776E-03, 2.845338135E+02
         1,-1.400000095E+00,-5.200000405E-01, 5.000000000E-01, 2.843243103E+02
         1, 1.000000089E-01, 2.000000328E-01, 6.000000834E-01, 2.859261780E+02
         1,-8.199999928E-01,-1.700000048E+00, 8.000000119E-01, 2.891575928E+02
         1,-3.000000119E-01,-4.230000019E+00, 1.389999866E+00, 2.843681335E+02
         1,-1.999999955E-02,-1.230000138E+00, 8.000000119E-01, 2.871560364E+02
         1,-6.200000048E-01,-1.230000019E+00, 3.199999928E-01, 2.881144104E+02
         1,-7.200000286E-01,-2.400000095E+00, 3.199999928E-01, 2.896235657E+02
         1,-9.200000167E-01,-2.680000067E+00, 9.999999776E-03, 2.875446472E+02
         1,-9.999999776E-03,-2.450000048E+00, 8.799999952E-01, 2.858233948E+02
         1,-1.399999857E+00,-1.579999924E+00, 6.000000238E-01, 2.843627014E+02
         1,-1.250000000E+00,-2.400000095E+00, 2.500000000E-01, 2.849282532E+02
         1, 1.500000060E-01,-1.600000024E+00, 6.000000238E-01, 2.838778381E+02
         1,-6.199999452E-01,-1.320000052E+00, 1.330000043E+00, 2.886847534E+02
         1,-9.300000072E-01,-9.200000167E-01, 1.480000019E+00, 2.866370239E+02
         1,-9.999999776E-03,-2.799999952E+00, 1.240000010E+00, 2.860441284E+02
         1,-3.000000119E-01,-1.549999833E+00, 1.720000029E+00, 2.876588135E+02
         1,-1.000000047E-03, 1.599999964E-01, 1.389999986E+00, 2.889312744E+02
         1,-7.200000286E-01, 5.699999928E-01, 1.820000052E+00, 2.892255554E+02
         1,-4.199999869E-01,-1.199999973E-01, 1.240000010E+00, 2.867669983E+02
         1,-1.299999833E+00,-1.479999900E+00, 1.799999833E+00, 2.850296936E+02
         1,-1.499999881E+00, 2.999999821E-01, 1.399999857E+00, 2.846416931E+02
         1, 1.000000015E-01,-7.500000000E-01, 1.779999971E+00, 2.843337097E+02
         1, 1.299999952E-01,-2.299999952E+00, 1.299999833E+00, 2.842015381E+02
         1, 1.000000015E-01, 2.300000042E-01, 1.780000091E+00, 2.848265381E+02
         1, 1.299999952E-01,-4.230000019E+00, 7.000000030E-02, 2.836237183E+02
         1,-7.300000191E-01,-2.119999886E+00, 1.519999981E+00, 2.895829468E+02
         1, 1.000000015E-01,-6.999999881E-01, 6.000000238E-01, 2.845873413E+02
         1, 1.499999911E-01,-2.499999762E+00, 5.999999642E-01, 2.838952637E+02
         1,-6.200000048E-01,-2.880000114E+00, 1.870000005E+00, 2.884289551E+02
         1,-1.100000143E+00,-4.170000553E+00, 1.790000081E+00, 2.849063416E+02
         1,-1.299999952E+00,-2.549999952E+00, 1.580000043E+00, 2.854584045E+02
         1, 1.299999952E-01,-3.800000191E+00, 1.300000072E+00, 2.839236450E+02
