cellnumber,    x-coordinate,    y-coordinate,    z-coordinate,total-temperature
         1,-6.200000048E-01,-3.900000095E+00, 1.480000019E+00, 2.938287964E+02
         1,-4.299999774E-01,-3.019999981E+00, 1.090000048E-01, 2.915173035E+02
         1,-6.199999452E-01,-3.200000048E+00, 8.799999952E-01, 2.941597900E+02
         1,-2.000002004E-02,-3.579999924E+00, 4.800000489E-01, 2.900220642E+02
         1,-6.400000453E-01,-4.050000191E+00, 5.199999809E-01, 2.938770752E+02
         1,-3.000000119E-01,-4.030000687E+00, 1.000000071E-02, 2.934391785E+02
         1,-9.299998879E-01,-4.449999809E+00, 8.799999952E-01, 2.934439087E+02
         1,-1.200000048E+00,-3.100000143E+00, 1.500000060E-01, 2.995076904E+02
         1,-1.199999928E+00,-4.199999809E+00, 5.000000000E-01, 2.998931580E+02
         1, 1.300000101E-01,-3.549999952E+00, 7.000000030E-02, 2.864974365E+02
         1,-9.200000763E-01,-3.599999905E+00, 1.779999971E+00, 2.944733582E+02
         1,-8.199999928E-01, 7.000000030E-02, 7.999999523E-01, 2.948229980E+02
         1,-3.100000024E-01, 5.600000024E-01, 7.999999076E-02, 2.912655945E+02
         1,-3.300000131E-01, 7.999999821E-02, 5.600000024E-01, 2.931874084E+02
         1,-6.200000048E-01,-2.499999851E-01, 8.000000119E-01, 2.935617371E+02
         1,-5.299999714E-01,-5.799999833E-01, 9.999999776E-03, 2.905046387E+02
         1,-9.999999776E-03,-7.500000000E-01, 3.899999857E-01, 2.904856567E+02
         1,-1.299999952E+00, 4.000000060E-01, 9.999999776E-03, 2.965952759E+02
         1,-1.400000095E+00,-5.200000405E-01, 5.000000000E-01, 2.946880798E+02
         1, 1.000000089E-01, 2.000000328E-01, 6.000000834E-01, 2.923490906E+02
         1,-8.199999928E-01,-1.700000048E+00, 8.000000119E-01, 2.956457520E+02
         1,-3.000000119E-01,-4.230000019E+00, 1.389999866E+00, 2.879960632E+02
         1,-1.999999955E-02,-1.230000138E+00, 8.000000119E-01, 2.919552002E+02
         1,-6.200000048E-01,-1.230000019E+00, 3.199999928E-01, 2.942185059E+02
         1,-7.200000286E-01,-2.400000095E+00, 3.199999928E-01, 2.955014648E+02
         1,-9.200000167E-01,-2.680000067E+00, 9.999999776E-03, 2.902589417E+02
         1,-9.999999776E-03,-2.450000048E+00, 8.799999952E-01, 2.907879028E+02
         1,-1.399999857E+00,-1.579999924E+00, 6.000000238E-01, 2.957463074E+02
         1,-1.250000000E+00,-2.400000095E+00, 2.500000000E-01, 2.984319763E+02
         1, 1.500000060E-01,-1.600000024E+00, 6.000000238E-01, 2.867121582E+02
         1,-6.199999452E-01,-1.320000052E+00, 1.330000043E+00, 2.942771606E+02
         1,-9.300000072E-01,-9.200000167E-01, 1.480000019E+00, 2.942259827E+02
         1,-9.999999776E-03,-2.799999952E+00, 1.240000010E+00, 2.905584717E+02
         1,-3.000000119E-01,-1.549999833E+00, 1.720000029E+00, 2.917322693E+02
         1,-1.000000047E-03, 1.599999964E-01, 1.389999986E+00, 2.912561340E+02
         1,-7.200000286E-01, 5.699999928E-01, 1.820000052E+00, 2.971062012E+02
         1,-4.199999869E-01,-1.199999973E-01, 1.240000010E+00, 2.916925354E+02
         1,-1.299999833E+00,-1.479999900E+00, 1.799999833E+00, 2.933519287E+02
         1,-1.499999881E+00, 2.999999821E-01, 1.399999857E+00, 2.922850342E+02
         1, 1.000000015E-01,-7.500000000E-01, 1.779999971E+00, 2.922915955E+02
         1, 1.299999952E-01,-2.299999952E+00, 1.299999833E+00, 2.876420288E+02
         1, 1.000000015E-01, 2.300000042E-01, 1.780000091E+00, 2.935732422E+02
         1, 1.299999952E-01,-4.230000019E+00, 7.000000030E-02, 2.860129395E+02
         1,-7.300000191E-01,-2.119999886E+00, 1.519999981E+00, 2.989271545E+02
         1, 1.000000015E-01,-6.999999881E-01, 6.000000238E-01, 2.893048401E+02
         1, 1.499999911E-01,-2.499999762E+00, 5.999999642E-01, 2.865724792E+02
         1,-6.200000048E-01,-2.880000114E+00, 1.870000005E+00, 2.903540344E+02
         1,-1.100000143E+00,-4.170000553E+00, 1.790000081E+00, 2.961960449E+02
         1,-1.299999952E+00,-2.549999952E+00, 1.580000043E+00, 2.921916504E+02
         1, 1.299999952E-01,-3.800000191E+00, 1.300000072E+00, 2.860975647E+02
