cellnumber,    x-coordinate,    y-coordinate,    z-coordinate,total-temperature
         1,-6.200000048E-01,-3.900000095E+00, 1.480000019E+00, 2.942033081E+02
         1,-4.299999774E-01,-3.019999981E+00, 1.090000048E-01, 2.916743774E+02
         1,-6.199999452E-01,-3.200000048E+00, 8.799999952E-01, 2.947391968E+02
         1,-2.000002004E-02,-3.579999924E+00, 4.800000489E-01, 2.901692200E+02
         1,-6.400000453E-01,-4.050000191E+00, 5.199999809E-01, 2.911753235E+02
         1,-3.000000119E-01,-4.030000687E+00, 1.000000071E-02, 2.874076538E+02
         1,-9.299998879E-01,-4.449999809E+00, 8.799999952E-01, 2.895455017E+02
         1,-1.200000048E+00,-3.100000143E+00, 1.500000060E-01, 2.877987976E+02
         1,-1.199999928E+00,-4.199999809E+00, 5.000000000E-01, 2.863678284E+02
         1, 1.300000101E-01,-3.549999952E+00, 7.000000030E-02, 2.850447998E+02
         1,-9.200000763E-01,-3.599999905E+00, 1.779999971E+00, 2.950321045E+02
         1,-8.199999928E-01, 7.000000030E-02, 7.999999523E-01, 2.956523743E+02
         1,-3.100000024E-01, 5.600000024E-01, 7.999999076E-02, 2.912315063E+02
         1,-3.300000131E-01, 7.999999821E-02, 5.600000024E-01, 2.936956177E+02
         1,-6.200000048E-01,-2.499999851E-01, 8.000000119E-01, 2.932877502E+02
         1,-5.299999714E-01,-5.799999833E-01, 9.999999776E-03, 2.902401123E+02
         1,-9.999999776E-03,-7.500000000E-01, 3.899999857E-01, 2.900948486E+02
         1,-1.299999952E+00, 4.000000060E-01, 9.999999776E-03, 2.872545166E+02
         1,-1.400000095E+00,-5.200000405E-01, 5.000000000E-01, 2.869764404E+02
         1, 1.000000089E-01, 2.000000328E-01, 6.000000834E-01, 2.897246094E+02
         1,-8.199999928E-01,-1.700000048E+00, 8.000000119E-01, 2.965865173E+02
         1,-3.000000119E-01,-4.230000019E+00, 1.389999866E+00, 2.888079834E+02
         1,-1.999999955E-02,-1.230000138E+00, 8.000000119E-01, 2.921440430E+02
         1,-6.200000048E-01,-1.230000019E+00, 3.199999928E-01, 2.948275452E+02
         1,-7.200000286E-01,-2.400000095E+00, 3.199999928E-01, 2.964057312E+02
         1,-9.200000167E-01,-2.680000067E+00, 9.999999776E-03, 2.889484253E+02
         1,-9.999999776E-03,-2.450000048E+00, 8.799999952E-01, 2.903075562E+02
         1,-1.399999857E+00,-1.579999924E+00, 6.000000238E-01, 2.881733093E+02
         1,-1.250000000E+00,-2.400000095E+00, 2.500000000E-01, 2.877921143E+02
         1, 1.500000060E-01,-1.600000024E+00, 6.000000238E-01, 2.851928406E+02
         1,-6.199999452E-01,-1.320000052E+00, 1.330000043E+00, 2.946182556E+02
         1,-9.300000072E-01,-9.200000167E-01, 1.480000019E+00, 2.944507751E+02
         1,-9.999999776E-03,-2.799999952E+00, 1.240000010E+00, 2.903548279E+02
         1,-3.000000119E-01,-1.549999833E+00, 1.720000029E+00, 2.915123291E+02
         1,-1.000000047E-03, 1.599999964E-01, 1.389999986E+00, 2.906571960E+02
         1,-7.200000286E-01, 5.699999928E-01, 1.820000052E+00, 2.979377441E+02
         1,-4.199999869E-01,-1.199999973E-01, 1.240000010E+00, 2.911096191E+02
         1,-1.299999833E+00,-1.479999900E+00, 1.799999833E+00, 2.872309265E+02
         1,-1.499999881E+00, 2.999999821E-01, 1.399999857E+00, 2.871275940E+02
         1, 1.000000015E-01,-7.500000000E-01, 1.779999971E+00, 2.969427490E+02
         1, 1.299999952E-01,-2.299999952E+00, 1.299999833E+00, 2.866109009E+02
         1, 1.000000015E-01, 2.300000042E-01, 1.780000091E+00, 2.971428223E+02
         1, 1.299999952E-01,-4.230000019E+00, 7.000000030E-02, 2.846045227E+02
         1,-7.300000191E-01,-2.119999886E+00, 1.519999981E+00, 2.999508057E+02
         1, 1.000000015E-01,-6.999999881E-01, 6.000000238E-01, 2.870361633E+02
         1, 1.499999911E-01,-2.499999762E+00, 5.999999642E-01, 2.851587219E+02
         1,-6.200000048E-01,-2.880000114E+00, 1.870000005E+00, 2.903703003E+02
         1,-1.100000143E+00,-4.170000553E+00, 1.790000081E+00, 2.853575134E+02
         1,-1.299999952E+00,-2.549999952E+00, 1.580000043E+00, 2.887140503E+02
         1, 1.299999952E-01,-3.800000191E+00, 1.300000072E+00, 2.855089722E+02
