cellnumber,    x-coordinate,    y-coordinate,    z-coordinate,total-temperature
         1,-6.200000048E-01,-3.900000095E+00, 1.480000019E+00, 2.931261292E+02
         1,-4.299999774E-01,-3.019999981E+00, 1.090000048E-01, 2.911027527E+02
         1,-6.199999452E-01,-3.200000048E+00, 8.799999952E-01, 2.930737610E+02
         1,-2.000002004E-02,-3.579999924E+00, 4.800000489E-01, 2.897474976E+02
         1,-6.400000453E-01,-4.050000191E+00, 5.199999809E-01, 2.929744568E+02
         1,-3.000000119E-01,-4.030000687E+00, 1.000000071E-02, 2.971330872E+02
         1,-9.299998879E-01,-4.449999809E+00, 8.799999952E-01, 2.985936584E+02
         1,-1.200000048E+00,-3.100000143E+00, 1.500000060E-01, 2.997642517E+02
         1,-1.199999928E+00,-4.199999809E+00, 5.000000000E-01, 3.000000305E+02
         1, 1.300000101E-01,-3.549999952E+00, 7.000000030E-02, 2.871621399E+02
         1,-9.200000763E-01,-3.599999905E+00, 1.779999971E+00, 2.936142578E+02
         1,-8.199999928E-01, 7.000000030E-02, 7.999999523E-01, 2.941105042E+02
         1,-3.100000024E-01, 5.600000024E-01, 7.999999076E-02, 2.934575500E+02
         1,-3.300000131E-01, 7.999999821E-02, 5.600000024E-01, 2.931345215E+02
         1,-6.200000048E-01,-2.499999851E-01, 8.000000119E-01, 2.939807739E+02
         1,-5.299999714E-01,-5.799999833E-01, 9.999999776E-03, 2.918895874E+02
         1,-9.999999776E-03,-7.500000000E-01, 3.899999857E-01, 2.913169556E+02
         1,-1.299999952E+00, 4.000000060E-01, 9.999999776E-03, 2.963565674E+02
         1,-1.400000095E+00,-5.200000405E-01, 5.000000000E-01, 2.946658630E+02
         1, 1.000000089E-01, 2.000000328E-01, 6.000000834E-01, 2.931502380E+02
         1,-8.199999928E-01,-1.700000048E+00, 8.000000119E-01, 2.939545288E+02
         1,-3.000000119E-01,-4.230000019E+00, 1.389999866E+00, 2.870558777E+02
         1,-1.999999955E-02,-1.230000138E+00, 8.000000119E-01, 2.918126831E+02
         1,-6.200000048E-01,-1.230000019E+00, 3.199999928E-01, 2.936315918E+02
         1,-7.200000286E-01,-2.400000095E+00, 3.199999928E-01, 2.943715515E+02
         1,-9.200000167E-01,-2.680000067E+00, 9.999999776E-03, 2.944700012E+02
         1,-9.999999776E-03,-2.450000048E+00, 8.799999952E-01, 2.914649658E+02
         1,-1.399999857E+00,-1.579999924E+00, 6.000000238E-01, 2.955005188E+02
         1,-1.250000000E+00,-2.400000095E+00, 2.500000000E-01, 2.979184570E+02
         1, 1.500000060E-01,-1.600000024E+00, 6.000000238E-01, 2.875313110E+02
         1,-6.199999452E-01,-1.320000052E+00, 1.330000043E+00, 2.938493958E+02
         1,-9.300000072E-01,-9.200000167E-01, 1.480000019E+00, 2.943133850E+02
         1,-9.999999776E-03,-2.799999952E+00, 1.240000010E+00, 2.905069580E+02
         1,-3.000000119E-01,-1.549999833E+00, 1.720000029E+00, 2.919596558E+02
         1,-1.000000047E-03, 1.599999964E-01, 1.389999986E+00, 2.925556946E+02
         1,-7.200000286E-01, 5.699999928E-01, 1.820000052E+00, 2.954024353E+02
         1,-4.199999869E-01,-1.199999973E-01, 1.240000010E+00, 2.926961670E+02
         1,-1.299999833E+00,-1.479999900E+00, 1.799999833E+00, 2.933357849E+02
         1,-1.499999881E+00, 2.999999821E-01, 1.399999857E+00, 2.917017517E+02
         1, 1.000000015E-01,-7.500000000E-01, 1.779999971E+00, 2.891423035E+02
         1, 1.299999952E-01,-2.299999952E+00, 1.299999833E+00, 2.876914673E+02
         1, 1.000000015E-01, 2.300000042E-01, 1.780000091E+00, 2.912708435E+02
         1, 1.299999952E-01,-4.230000019E+00, 7.000000030E-02, 2.865955505E+02
         1,-7.300000191E-01,-2.119999886E+00, 1.519999981E+00, 2.970069885E+02
         1, 1.000000015E-01,-6.999999881E-01, 6.000000238E-01, 2.905946960E+02
         1, 1.499999911E-01,-2.499999762E+00, 5.999999642E-01, 2.874323425E+02
         1,-6.200000048E-01,-2.880000114E+00, 1.870000005E+00, 2.897045593E+02
         1,-1.100000143E+00,-4.170000553E+00, 1.790000081E+00, 2.950133362E+02
         1,-1.299999952E+00,-2.549999952E+00, 1.580000043E+00, 2.924124451E+02
         1, 1.299999952E-01,-3.800000191E+00, 1.300000072E+00, 2.862641602E+02
