cellnumber,    x-coordinate,    y-coordinate,    z-coordinate,total-temperature
         1,-6.200000048E-01,-3.900000095E+00, 1.480000019E+00, 2.939635010E+02
         1,-4.299999774E-01,-3.019999981E+00, 1.090000048E-01, 2.916446838E+02
         1,-6.199999452E-01,-3.200000048E+00, 8.799999952E-01, 2.946592407E+02
         1,-2.000002004E-02,-3.579999924E+00, 4.800000489E-01, 2.902108765E+02
         1,-6.400000453E-01,-4.050000191E+00, 5.199999809E-01, 2.899989624E+02
         1,-3.000000119E-01,-4.030000687E+00, 1.000000071E-02, 2.878905029E+02
         1,-9.299998879E-01,-4.449999809E+00, 8.799999952E-01, 2.893977051E+02
         1,-1.200000048E+00,-3.100000143E+00, 1.500000060E-01, 2.883575134E+02
         1,-1.199999928E+00,-4.199999809E+00, 5.000000000E-01, 2.873475342E+02
         1, 1.300000101E-01,-3.549999952E+00, 7.000000030E-02, 2.851553345E+02
         1,-9.200000763E-01,-3.599999905E+00, 1.779999971E+00, 2.949125977E+02
         1,-8.199999928E-01, 7.000000030E-02, 7.999999523E-01, 2.955068359E+02
         1,-3.100000024E-01, 5.600000024E-01, 7.999999076E-02, 2.911855164E+02
         1,-3.300000131E-01, 7.999999821E-02, 5.600000024E-01, 2.935815430E+02
         1,-6.200000048E-01,-2.499999851E-01, 8.000000119E-01, 2.932260742E+02
         1,-5.299999714E-01,-5.799999833E-01, 9.999999776E-03, 2.902752075E+02
         1,-9.999999776E-03,-7.500000000E-01, 3.899999857E-01, 2.901170654E+02
         1,-1.299999952E+00, 4.000000060E-01, 9.999999776E-03, 2.869130859E+02
         1,-1.400000095E+00,-5.200000405E-01, 5.000000000E-01, 2.870442200E+02
         1, 1.000000089E-01, 2.000000328E-01, 6.000000834E-01, 2.894265747E+02
         1,-8.199999928E-01,-1.700000048E+00, 8.000000119E-01, 2.964725342E+02
         1,-3.000000119E-01,-4.230000019E+00, 1.389999866E+00, 2.886617737E+02
         1,-1.999999955E-02,-1.230000138E+00, 8.000000119E-01, 2.921153259E+02
         1,-6.200000048E-01,-1.230000019E+00, 3.199999928E-01, 2.946884460E+02
         1,-7.200000286E-01,-2.400000095E+00, 3.199999928E-01, 2.962787170E+02
         1,-9.200000167E-01,-2.680000067E+00, 9.999999776E-03, 2.890002136E+02
         1,-9.999999776E-03,-2.450000048E+00, 8.799999952E-01, 2.902637024E+02
         1,-1.399999857E+00,-1.579999924E+00, 6.000000238E-01, 2.878307800E+02
         1,-1.250000000E+00,-2.400000095E+00, 2.500000000E-01, 2.882854919E+02
         1, 1.500000060E-01,-1.600000024E+00, 6.000000238E-01, 2.851365967E+02
         1,-6.199999452E-01,-1.320000052E+00, 1.330000043E+00, 2.945725403E+02
         1,-9.300000072E-01,-9.200000167E-01, 1.480000019E+00, 2.943118591E+02
         1,-9.999999776E-03,-2.799999952E+00, 1.240000010E+00, 2.903420410E+02
         1,-3.000000119E-01,-1.549999833E+00, 1.720000029E+00, 2.914969482E+02
         1,-1.000000047E-03, 1.599999964E-01, 1.389999986E+00, 2.906687622E+02
         1,-7.200000286E-01, 5.699999928E-01, 1.820000052E+00, 2.977770996E+02
         1,-4.199999869E-01,-1.199999973E-01, 1.240000010E+00, 2.910402527E+02
         1,-1.299999833E+00,-1.479999900E+00, 1.799999833E+00, 2.878578186E+02
         1,-1.499999881E+00, 2.999999821E-01, 1.399999857E+00, 2.868597107E+02
         1, 1.000000015E-01,-7.500000000E-01, 1.779999971E+00, 2.959041138E+02
         1, 1.299999952E-01,-2.299999952E+00, 1.299999833E+00, 2.863423462E+02
         1, 1.000000015E-01, 2.300000042E-01, 1.780000091E+00, 2.962585144E+02
         1, 1.299999952E-01,-4.230000019E+00, 7.000000030E-02, 2.845675049E+02
         1,-7.300000191E-01,-2.119999886E+00, 1.519999981E+00, 2.997723694E+02
         1, 1.000000015E-01,-6.999999881E-01, 6.000000238E-01, 2.868901978E+02
         1, 1.499999911E-01,-2.499999762E+00, 5.999999642E-01, 2.851121521E+02
         1,-6.200000048E-01,-2.880000114E+00, 1.870000005E+00, 2.904226074E+02
         1,-1.100000143E+00,-4.170000553E+00, 1.790000081E+00, 2.856727600E+02
         1,-1.299999952E+00,-2.549999952E+00, 1.580000043E+00, 2.882615662E+02
         1, 1.299999952E-01,-3.800000191E+00, 1.300000072E+00, 2.857105103E+02
