cellnumber,    x-coordinate,    y-coordinate,    z-coordinate,total-temperature
         1,-6.200000048E-01,-3.900000095E+00, 1.480000019E+00, 2.943933716E+02
         1,-4.299999774E-01,-3.019999981E+00, 1.090000048E-01, 2.912754822E+02
         1,-6.199999452E-01,-3.200000048E+00, 8.799999952E-01, 2.936230469E+02
         1,-2.000002004E-02,-3.579999924E+00, 4.800000489E-01, 2.898711853E+02
         1,-6.400000453E-01,-4.050000191E+00, 5.199999809E-01, 2.936026306E+02
         1,-3.000000119E-01,-4.030000687E+00, 1.000000071E-02, 2.940730896E+02
         1,-9.299998879E-01,-4.449999809E+00, 8.799999952E-01, 2.971948853E+02
         1,-1.200000048E+00,-3.100000143E+00, 1.500000060E-01, 2.995908203E+02
         1,-1.199999928E+00,-4.199999809E+00, 5.000000000E-01, 2.999367676E+02
         1, 1.300000101E-01,-3.549999952E+00, 7.000000030E-02, 2.872831116E+02
         1,-9.200000763E-01,-3.599999905E+00, 1.779999971E+00, 2.937659912E+02
         1,-8.199999928E-01, 7.000000030E-02, 7.999999523E-01, 2.942087708E+02
         1,-3.100000024E-01, 5.600000024E-01, 7.999999076E-02, 2.922911072E+02
         1,-3.300000131E-01, 7.999999821E-02, 5.600000024E-01, 2.929125671E+02
         1,-6.200000048E-01,-2.499999851E-01, 8.000000119E-01, 2.937918091E+02
         1,-5.299999714E-01,-5.799999833E-01, 9.999999776E-03, 2.912471008E+02
         1,-9.999999776E-03,-7.500000000E-01, 3.899999857E-01, 2.910809937E+02
         1,-1.299999952E+00, 4.000000060E-01, 9.999999776E-03, 2.960688171E+02
         1,-1.400000095E+00,-5.200000405E-01, 5.000000000E-01, 2.945176392E+02
         1, 1.000000089E-01, 2.000000328E-01, 6.000000834E-01, 2.929128723E+02
         1,-8.199999928E-01,-1.700000048E+00, 8.000000119E-01, 2.945881042E+02
         1,-3.000000119E-01,-4.230000019E+00, 1.389999866E+00, 2.873322754E+02
         1,-1.999999955E-02,-1.230000138E+00, 8.000000119E-01, 2.918255920E+02
         1,-6.200000048E-01,-1.230000019E+00, 3.199999928E-01, 2.937312927E+02
         1,-7.200000286E-01,-2.400000095E+00, 3.199999928E-01, 2.948014526E+02
         1,-9.200000167E-01,-2.680000067E+00, 9.999999776E-03, 2.932909851E+02
         1,-9.999999776E-03,-2.450000048E+00, 8.799999952E-01, 2.912738037E+02
         1,-1.399999857E+00,-1.579999924E+00, 6.000000238E-01, 2.955598450E+02
         1,-1.250000000E+00,-2.400000095E+00, 2.500000000E-01, 2.982052612E+02
         1, 1.500000060E-01,-1.600000024E+00, 6.000000238E-01, 2.872971497E+02
         1,-6.199999452E-01,-1.320000052E+00, 1.330000043E+00, 2.940115356E+02
         1,-9.300000072E-01,-9.200000167E-01, 1.480000019E+00, 2.944221802E+02
         1,-9.999999776E-03,-2.799999952E+00, 1.240000010E+00, 2.905835876E+02
         1,-3.000000119E-01,-1.549999833E+00, 1.720000029E+00, 2.919394226E+02
         1,-1.000000047E-03, 1.599999964E-01, 1.389999986E+00, 2.923099670E+02
         1,-7.200000286E-01, 5.699999928E-01, 1.820000052E+00, 2.961080627E+02
         1,-4.199999869E-01,-1.199999973E-01, 1.240000010E+00, 2.923511047E+02
         1,-1.299999833E+00,-1.479999900E+00, 1.799999833E+00, 2.933225403E+02
         1,-1.499999881E+00, 2.999999821E-01, 1.399999857E+00, 2.919106445E+02
         1, 1.000000015E-01,-7.500000000E-01, 1.779999971E+00, 2.898291626E+02
         1, 1.299999952E-01,-2.299999952E+00, 1.299999833E+00, 2.876069336E+02
         1, 1.000000015E-01, 2.300000042E-01, 1.780000091E+00, 2.916640320E+02
         1, 1.299999952E-01,-4.230000019E+00, 7.000000030E-02, 2.865681763E+02
         1,-7.300000191E-01,-2.119999886E+00, 1.519999981E+00, 2.978471680E+02
         1, 1.000000015E-01,-6.999999881E-01, 6.000000238E-01, 2.901961365E+02
         1, 1.499999911E-01,-2.499999762E+00, 5.999999642E-01, 2.871679688E+02
         1,-6.200000048E-01,-2.880000114E+00, 1.870000005E+00, 2.900053101E+02
         1,-1.100000143E+00,-4.170000553E+00, 1.790000081E+00, 2.968188171E+02
         1,-1.299999952E+00,-2.549999952E+00, 1.580000043E+00, 2.926576233E+02
         1, 1.299999952E-01,-3.800000191E+00, 1.300000072E+00, 2.861129761E+02
