cellnumber,    x-coordinate,    y-coordinate,    z-coordinate,total-temperature
         1,-6.200000048E-01,-3.900000095E+00, 1.480000019E+00, 2.846466064E+02
         1,-4.299999774E-01,-3.019999981E+00, 1.090000048E-01, 2.895499878E+02
         1,-6.199999452E-01,-3.200000048E+00, 8.799999952E-01, 2.874493713E+02
         1,-2.000002004E-02,-3.579999924E+00, 4.800000489E-01, 2.852187805E+02
         1,-6.400000453E-01,-4.050000191E+00, 5.199999809E-01, 2.839397278E+02
         1,-3.000000119E-01,-4.030000687E+00, 1.000000071E-02, 2.840159607E+02
         1,-9.299998879E-01,-4.449999809E+00, 8.799999952E-01, 2.852348633E+02
         1,-1.200000048E+00,-3.100000143E+00, 1.500000060E-01, 2.848416138E+02
         1,-1.199999928E+00,-4.199999809E+00, 5.000000000E-01, 2.843930969E+02
         1, 1.300000101E-01,-3.549999952E+00, 7.000000030E-02, 2.835216675E+02
         1,-9.200000763E-01,-3.599999905E+00, 1.779999971E+00, 2.877388000E+02
         1,-8.199999928E-01, 7.000000030E-02, 7.999999523E-01, 2.861843872E+02
         1,-3.100000024E-01, 5.600000024E-01, 7.999999076E-02, 2.865155029E+02
         1,-3.300000131E-01, 7.999999821E-02, 5.600000024E-01, 2.855814209E+02
         1,-6.200000048E-01,-2.499999851E-01, 8.000000119E-01, 2.875364685E+02
         1,-5.299999714E-01,-5.799999833E-01, 9.999999776E-03, 2.873461304E+02
         1,-9.999999776E-03,-7.500000000E-01, 3.899999857E-01, 2.848513489E+02
         1,-1.299999952E+00, 4.000000060E-01, 9.999999776E-03, 2.841073608E+02
         1,-1.400000095E+00,-5.200000405E-01, 5.000000000E-01, 2.839342957E+02
         1, 1.000000089E-01, 2.000000328E-01, 6.000000834E-01, 2.849855652E+02
         1,-8.199999928E-01,-1.700000048E+00, 8.000000119E-01, 2.874274597E+02
         1,-3.000000119E-01,-4.230000019E+00, 1.389999866E+00, 2.839932251E+02
         1,-1.999999955E-02,-1.230000138E+00, 8.000000119E-01, 2.858912354E+02
         1,-6.200000048E-01,-1.230000019E+00, 3.199999928E-01, 2.865498047E+02
         1,-7.200000286E-01,-2.400000095E+00, 3.199999928E-01, 2.879243469E+02
         1,-9.200000167E-01,-2.680000067E+00, 9.999999776E-03, 2.862466431E+02
         1,-9.999999776E-03,-2.450000048E+00, 8.799999952E-01, 2.850072632E+02
         1,-1.399999857E+00,-1.579999924E+00, 6.000000238E-01, 2.839624023E+02
         1,-1.250000000E+00,-2.400000095E+00, 2.500000000E-01, 2.843881226E+02
         1, 1.500000060E-01,-1.600000024E+00, 6.000000238E-01, 2.836069031E+02
         1,-6.199999452E-01,-1.320000052E+00, 1.330000043E+00, 2.868304443E+02
         1,-9.300000072E-01,-9.200000167E-01, 1.480000019E+00, 2.854638062E+02
         1,-9.999999776E-03,-2.799999952E+00, 1.240000010E+00, 2.851977234E+02
         1,-3.000000119E-01,-1.549999833E+00, 1.720000029E+00, 2.862374268E+02
         1,-1.000000047E-03, 1.599999964E-01, 1.389999986E+00, 2.874656067E+02
         1,-7.200000286E-01, 5.699999928E-01, 1.820000052E+00, 2.872484436E+02
         1,-4.199999869E-01,-1.199999973E-01, 1.240000010E+00, 2.855992126E+02
         1,-1.299999833E+00,-1.479999900E+00, 1.799999833E+00, 2.844444885E+02
         1,-1.499999881E+00, 2.999999821E-01, 1.399999857E+00, 2.841740723E+02
         1, 1.000000015E-01,-7.500000000E-01, 1.779999971E+00, 2.839267273E+02
         1, 1.299999952E-01,-2.299999952E+00, 1.299999833E+00, 2.838565369E+02
         1, 1.000000015E-01, 2.300000042E-01, 1.780000091E+00, 2.842692871E+02
         1, 1.299999952E-01,-4.230000019E+00, 7.000000030E-02, 2.834475708E+02
         1,-7.300000191E-01,-2.119999886E+00, 1.519999981E+00, 2.878004761E+02
         1, 1.000000015E-01,-6.999999881E-01, 6.000000238E-01, 2.840952148E+02
         1, 1.499999911E-01,-2.499999762E+00, 5.999999642E-01, 2.836191101E+02
         1,-6.200000048E-01,-2.880000114E+00, 1.870000005E+00, 2.872669678E+02
         1,-1.100000143E+00,-4.170000553E+00, 1.790000081E+00, 2.843461914E+02
         1,-1.299999952E+00,-2.549999952E+00, 1.580000043E+00, 2.847538452E+02
         1, 1.299999952E-01,-3.800000191E+00, 1.300000072E+00, 2.836559448E+02
