cellnumber,    x-coordinate,    y-coordinate,    z-coordinate,total-temperature
         1,-6.200000048E-01,-3.900000095E+00, 1.480000019E+00, 2.838890381E+02
         1,-4.299999774E-01,-3.019999981E+00, 1.090000048E-01, 2.871334839E+02
         1,-6.199999452E-01,-3.200000048E+00, 8.799999952E-01, 2.852725525E+02
         1,-2.000002004E-02,-3.579999924E+00, 4.800000489E-01, 2.841824951E+02
         1,-6.400000453E-01,-4.050000191E+00, 5.199999809E-01, 2.834892883E+02
         1,-3.000000119E-01,-4.030000687E+00, 1.000000071E-02, 2.835390930E+02
         1,-9.299998879E-01,-4.449999809E+00, 8.799999952E-01, 2.840639648E+02
         1,-1.200000048E+00,-3.100000143E+00, 1.500000060E-01, 2.839712830E+02
         1,-1.199999928E+00,-4.199999809E+00, 5.000000000E-01, 2.837019348E+02
         1, 1.300000101E-01,-3.549999952E+00, 7.000000030E-02, 2.832644348E+02
         1,-9.200000763E-01,-3.599999905E+00, 1.779999971E+00, 2.853723755E+02
         1,-8.199999928E-01, 7.000000030E-02, 7.999999523E-01, 2.844924011E+02
         1,-3.100000024E-01, 5.600000024E-01, 7.999999076E-02, 2.846375122E+02
         1,-3.300000131E-01, 7.999999821E-02, 5.600000024E-01, 2.842701416E+02
         1,-6.200000048E-01,-2.499999851E-01, 8.000000119E-01, 2.852096252E+02
         1,-5.299999714E-01,-5.799999833E-01, 9.999999776E-03, 2.850814514E+02
         1,-9.999999776E-03,-7.500000000E-01, 3.899999857E-01, 2.839795837E+02
         1,-1.299999952E+00, 4.000000060E-01, 9.999999776E-03, 2.835697632E+02
         1,-1.400000095E+00,-5.200000405E-01, 5.000000000E-01, 2.834679260E+02
         1, 1.000000089E-01, 2.000000328E-01, 6.000000834E-01, 2.839413147E+02
         1,-8.199999928E-01,-1.700000048E+00, 8.000000119E-01, 2.851109314E+02
         1,-3.000000119E-01,-4.230000019E+00, 1.389999866E+00, 2.835540771E+02
         1,-1.999999955E-02,-1.230000138E+00, 8.000000119E-01, 2.844807129E+02
         1,-6.200000048E-01,-1.230000019E+00, 3.199999928E-01, 2.847364502E+02
         1,-7.200000286E-01,-2.400000095E+00, 3.199999928E-01, 2.854327393E+02
         1,-9.200000167E-01,-2.680000067E+00, 9.999999776E-03, 2.846575623E+02
         1,-9.999999776E-03,-2.450000048E+00, 8.799999952E-01, 2.840316467E+02
         1,-1.399999857E+00,-1.579999924E+00, 6.000000238E-01, 2.834786072E+02
         1,-1.250000000E+00,-2.400000095E+00, 2.500000000E-01, 2.837076416E+02
         1, 1.500000060E-01,-1.600000024E+00, 6.000000238E-01, 2.832911682E+02
         1,-6.199999452E-01,-1.320000052E+00, 1.330000043E+00, 2.847807617E+02
         1,-9.300000072E-01,-9.200000167E-01, 1.480000019E+00, 2.842361755E+02
         1,-9.999999776E-03,-2.799999952E+00, 1.240000010E+00, 2.841673584E+02
         1,-3.000000119E-01,-1.549999833E+00, 1.720000029E+00, 2.845562439E+02
         1,-1.000000047E-03, 1.599999964E-01, 1.389999986E+00, 2.851451721E+02
         1,-7.200000286E-01, 5.699999928E-01, 1.820000052E+00, 2.849112244E+02
         1,-4.199999869E-01,-1.199999973E-01, 1.240000010E+00, 2.842700806E+02
         1,-1.299999833E+00,-1.479999900E+00, 1.799999833E+00, 2.837162476E+02
         1,-1.499999881E+00, 2.999999821E-01, 1.399999857E+00, 2.835840759E+02
         1, 1.000000015E-01,-7.500000000E-01, 1.779999971E+00, 2.834326782E+02
         1, 1.299999952E-01,-2.299999952E+00, 1.299999833E+00, 2.834178467E+02
         1, 1.000000015E-01, 2.300000042E-01, 1.780000091E+00, 2.835874329E+02
         1, 1.299999952E-01,-4.230000019E+00, 7.000000030E-02, 2.832282715E+02
         1,-7.300000191E-01,-2.119999886E+00, 1.519999981E+00, 2.851940918E+02
         1, 1.000000015E-01,-6.999999881E-01, 6.000000238E-01, 2.835237427E+02
         1, 1.499999911E-01,-2.499999762E+00, 5.999999642E-01, 2.832965088E+02
         1,-6.200000048E-01,-2.880000114E+00, 1.870000005E+00, 2.851515808E+02
         1,-1.100000143E+00,-4.170000553E+00, 1.790000081E+00, 2.836853333E+02
         1,-1.299999952E+00,-2.549999952E+00, 1.580000043E+00, 2.838702087E+02
         1, 1.299999952E-01,-3.800000191E+00, 1.300000072E+00, 2.833224487E+02
