cellnumber,    x-coordinate,    y-coordinate,    z-coordinate,total-temperature
         1,-6.200000048E-01,-3.900000095E+00, 1.480000019E+00, 2.844541321E+02
         1,-4.299999774E-01,-3.019999981E+00, 1.090000048E-01, 2.893218994E+02
         1,-6.199999452E-01,-3.200000048E+00, 8.799999952E-01, 2.870782166E+02
         1,-2.000002004E-02,-3.579999924E+00, 4.800000489E-01, 2.850209656E+02
         1,-6.400000453E-01,-4.050000191E+00, 5.199999809E-01, 2.838300476E+02
         1,-3.000000119E-01,-4.030000687E+00, 1.000000071E-02, 2.839033508E+02
         1,-9.299998879E-01,-4.449999809E+00, 8.799999952E-01, 2.849544067E+02
         1,-1.200000048E+00,-3.100000143E+00, 1.500000060E-01, 2.846820068E+02
         1,-1.199999928E+00,-4.199999809E+00, 5.000000000E-01, 2.842538452E+02
         1, 1.300000101E-01,-3.549999952E+00, 7.000000030E-02, 2.834716492E+02
         1,-9.200000763E-01,-3.599999905E+00, 1.779999971E+00, 2.873315735E+02
         1,-8.199999928E-01, 7.000000030E-02, 7.999999523E-01, 2.857996826E+02
         1,-3.100000024E-01, 5.600000024E-01, 7.999999076E-02, 2.861101990E+02
         1,-3.300000131E-01, 7.999999821E-02, 5.600000024E-01, 2.852727051E+02
         1,-6.200000048E-01,-2.499999851E-01, 8.000000119E-01, 2.871399231E+02
         1,-5.299999714E-01,-5.799999833E-01, 9.999999776E-03, 2.869296265E+02
         1,-9.999999776E-03,-7.500000000E-01, 3.899999857E-01, 2.846575928E+02
         1,-1.299999952E+00, 4.000000060E-01, 9.999999776E-03, 2.840039978E+02
         1,-1.400000095E+00,-5.200000405E-01, 5.000000000E-01, 2.838417969E+02
         1, 1.000000089E-01, 2.000000328E-01, 6.000000834E-01, 2.847679443E+02
         1,-8.199999928E-01,-1.700000048E+00, 8.000000119E-01, 2.869839478E+02
         1,-3.000000119E-01,-4.230000019E+00, 1.389999866E+00, 2.839048157E+02
         1,-1.999999955E-02,-1.230000138E+00, 8.000000119E-01, 2.856033936E+02
         1,-6.200000048E-01,-1.230000019E+00, 3.199999928E-01, 2.861858521E+02
         1,-7.200000286E-01,-2.400000095E+00, 3.199999928E-01, 2.874752808E+02
         1,-9.200000167E-01,-2.680000067E+00, 9.999999776E-03, 2.859364319E+02
         1,-9.999999776E-03,-2.450000048E+00, 8.799999952E-01, 2.848131714E+02
         1,-1.399999857E+00,-1.579999924E+00, 6.000000238E-01, 2.838668518E+02
         1,-1.250000000E+00,-2.400000095E+00, 2.500000000E-01, 2.842573853E+02
         1, 1.500000060E-01,-1.600000024E+00, 6.000000238E-01, 2.835427551E+02
         1,-6.199999452E-01,-1.320000052E+00, 1.330000043E+00, 2.864006042E+02
         1,-9.300000072E-01,-9.200000167E-01, 1.480000019E+00, 2.852038269E+02
         1,-9.999999776E-03,-2.799999952E+00, 1.240000010E+00, 2.849926147E+02
         1,-3.000000119E-01,-1.549999833E+00, 1.720000029E+00, 2.858878784E+02
         1,-1.000000047E-03, 1.599999964E-01, 1.389999986E+00, 2.870526428E+02
         1,-7.200000286E-01, 5.699999928E-01, 1.820000052E+00, 2.867655640E+02
         1,-4.199999869E-01,-1.199999973E-01, 1.240000010E+00, 2.853356323E+02
         1,-1.299999833E+00,-1.479999900E+00, 1.799999833E+00, 2.843030090E+02
         1,-1.499999881E+00, 2.999999821E-01, 1.399999857E+00, 2.840595093E+02
         1, 1.000000015E-01,-7.500000000E-01, 1.779999971E+00, 2.838288574E+02
         1, 1.299999952E-01,-2.299999952E+00, 1.299999833E+00, 2.837699280E+02
         1, 1.000000015E-01, 2.300000042E-01, 1.780000091E+00, 2.841337280E+02
         1, 1.299999952E-01,-4.230000019E+00, 7.000000030E-02, 2.834049072E+02
         1,-7.300000191E-01,-2.119999886E+00, 1.519999981E+00, 2.873237305E+02
         1, 1.000000015E-01,-6.999999881E-01, 6.000000238E-01, 2.839783325E+02
         1, 1.499999911E-01,-2.499999762E+00, 5.999999642E-01, 2.835538330E+02
         1,-6.200000048E-01,-2.880000114E+00, 1.870000005E+00, 2.869184265E+02
         1,-1.100000143E+00,-4.170000553E+00, 1.790000081E+00, 2.842139893E+02
         1,-1.299999952E+00,-2.549999952E+00, 1.580000043E+00, 2.845822144E+02
         1, 1.299999952E-01,-3.800000191E+00, 1.300000072E+00, 2.835901184E+02
