cellnumber,    x-coordinate,    y-coordinate,    z-coordinate,total-temperature
         1,-6.200000048E-01,-3.900000095E+00, 1.480000019E+00, 2.839588623E+02
         1,-4.299999774E-01,-3.019999981E+00, 1.090000048E-01, 2.877252808E+02
         1,-6.199999452E-01,-3.200000048E+00, 8.799999952E-01, 2.855958252E+02
         1,-2.000002004E-02,-3.579999924E+00, 4.800000489E-01, 2.843202209E+02
         1,-6.400000453E-01,-4.050000191E+00, 5.199999809E-01, 2.835343018E+02
         1,-3.000000119E-01,-4.030000687E+00, 1.000000071E-02, 2.835884399E+02
         1,-9.299998879E-01,-4.449999809E+00, 8.799999952E-01, 2.841730347E+02
         1,-1.200000048E+00,-3.100000143E+00, 1.500000060E-01, 2.840971069E+02
         1,-1.199999928E+00,-4.199999809E+00, 5.000000000E-01, 2.837885742E+02
         1, 1.300000101E-01,-3.549999952E+00, 7.000000030E-02, 2.832988281E+02
         1,-9.200000763E-01,-3.599999905E+00, 1.779999971E+00, 2.857255859E+02
         1,-8.199999928E-01, 7.000000030E-02, 7.999999523E-01, 2.846698303E+02
         1,-3.100000024E-01, 5.600000024E-01, 7.999999076E-02, 2.848521423E+02
         1,-3.300000131E-01, 7.999999821E-02, 5.600000024E-01, 2.844077454E+02
         1,-6.200000048E-01,-2.499999851E-01, 8.000000119E-01, 2.855539551E+02
         1,-5.299999714E-01,-5.799999833E-01, 9.999999776E-03, 2.853916016E+02
         1,-9.999999776E-03,-7.500000000E-01, 3.899999857E-01, 2.840780334E+02
         1,-1.299999952E+00, 4.000000060E-01, 9.999999776E-03, 2.836423340E+02
         1,-1.400000095E+00,-5.200000405E-01, 5.000000000E-01, 2.835274963E+02
         1, 1.000000089E-01, 2.000000328E-01, 6.000000834E-01, 2.840644226E+02
         1,-8.199999928E-01,-1.700000048E+00, 8.000000119E-01, 2.854134521E+02
         1,-3.000000119E-01,-4.230000019E+00, 1.389999866E+00, 2.836085815E+02
         1,-1.999999955E-02,-1.230000138E+00, 8.000000119E-01, 2.846553955E+02
         1,-6.200000048E-01,-1.230000019E+00, 3.199999928E-01, 2.849667969E+02
         1,-7.200000286E-01,-2.400000095E+00, 3.199999928E-01, 2.857946167E+02
         1,-9.200000167E-01,-2.680000067E+00, 9.999999776E-03, 2.848667297E+02
         1,-9.999999776E-03,-2.450000048E+00, 8.799999952E-01, 2.841552734E+02
         1,-1.399999857E+00,-1.579999924E+00, 6.000000238E-01, 2.835400085E+02
         1,-1.250000000E+00,-2.400000095E+00, 2.500000000E-01, 2.837988586E+02
         1, 1.500000060E-01,-1.600000024E+00, 6.000000238E-01, 2.833293152E+02
         1,-6.199999452E-01,-1.320000052E+00, 1.330000043E+00, 2.850221558E+02
         1,-9.300000072E-01,-9.200000167E-01, 1.480000019E+00, 2.843814087E+02
         1,-9.999999776E-03,-2.799999952E+00, 1.240000010E+00, 2.842973328E+02
         1,-3.000000119E-01,-1.549999833E+00, 1.720000029E+00, 2.847509460E+02
         1,-1.000000047E-03, 1.599999964E-01, 1.389999986E+00, 2.854762573E+02
         1,-7.200000286E-01, 5.699999928E-01, 1.820000052E+00, 2.851833191E+02
         1,-4.199999869E-01,-1.199999973E-01, 1.240000010E+00, 2.844405518E+02
         1,-1.299999833E+00,-1.479999900E+00, 1.799999833E+00, 2.838088684E+02
         1,-1.499999881E+00, 2.999999821E-01, 1.399999857E+00, 2.836601257E+02
         1, 1.000000015E-01,-7.500000000E-01, 1.779999971E+00, 2.834951172E+02
         1, 1.299999952E-01,-2.299999952E+00, 1.299999833E+00, 2.834754944E+02
         1, 1.000000015E-01, 2.300000042E-01, 1.780000091E+00, 2.836731873E+02
         1, 1.299999952E-01,-4.230000019E+00, 7.000000030E-02, 2.832574768E+02
         1,-7.300000191E-01,-2.119999886E+00, 1.519999981E+00, 2.855461426E+02
         1, 1.000000015E-01,-6.999999881E-01, 6.000000238E-01, 2.835920410E+02
         1, 1.499999911E-01,-2.499999762E+00, 5.999999642E-01, 2.833355713E+02
         1,-6.200000048E-01,-2.880000114E+00, 1.870000005E+00, 2.854748840E+02
         1,-1.100000143E+00,-4.170000553E+00, 1.790000081E+00, 2.837668152E+02
         1,-1.299999952E+00,-2.549999952E+00, 1.580000043E+00, 2.839840088E+02
         1, 1.299999952E-01,-3.800000191E+00, 1.300000072E+00, 2.833654480E+02
