cellnumber,    x-coordinate,    y-coordinate,    z-coordinate,total-temperature
         1,-6.200000048E-01,-3.900000095E+00, 1.480000019E+00, 2.850295410E+02
         1,-4.299999774E-01,-3.019999981E+00, 1.090000048E-01, 2.898102722E+02
         1,-6.199999452E-01,-3.200000048E+00, 8.799999952E-01, 2.880296631E+02
         1,-2.000002004E-02,-3.579999924E+00, 4.800000489E-01, 2.855501404E+02
         1,-6.400000453E-01,-4.050000191E+00, 5.199999809E-01, 2.841569519E+02
         1,-3.000000119E-01,-4.030000687E+00, 1.000000071E-02, 2.842323914E+02
         1,-9.299998879E-01,-4.449999809E+00, 8.799999952E-01, 2.857583313E+02
         1,-1.200000048E+00,-3.100000143E+00, 1.500000060E-01, 2.851076050E+02
         1,-1.199999928E+00,-4.199999809E+00, 5.000000000E-01, 2.846351929E+02
         1, 1.300000101E-01,-3.549999952E+00, 7.000000030E-02, 2.836069641E+02
         1,-9.200000763E-01,-3.599999905E+00, 1.779999971E+00, 2.883894653E+02
         1,-8.199999928E-01, 7.000000030E-02, 7.999999523E-01, 2.868918152E+02
         1,-3.100000024E-01, 5.600000024E-01, 7.999999076E-02, 2.872521667E+02
         1,-3.300000131E-01, 7.999999821E-02, 5.600000024E-01, 2.861811523E+02
         1,-6.200000048E-01,-2.499999851E-01, 8.000000119E-01, 2.881481323E+02
         1,-5.299999714E-01,-5.799999833E-01, 9.999999776E-03, 2.880258179E+02
         1,-9.999999776E-03,-7.500000000E-01, 3.899999857E-01, 2.852144165E+02
         1,-1.299999952E+00, 4.000000060E-01, 9.999999776E-03, 2.842835083E+02
         1,-1.400000095E+00,-5.200000405E-01, 5.000000000E-01, 2.840944214E+02
         1, 1.000000089E-01, 2.000000328E-01, 6.000000834E-01, 2.853671265E+02
         1,-8.199999928E-01,-1.700000048E+00, 8.000000119E-01, 2.881659851E+02
         1,-3.000000119E-01,-4.230000019E+00, 1.389999866E+00, 2.841462097E+02
         1,-1.999999955E-02,-1.230000138E+00, 8.000000119E-01, 2.863985596E+02
         1,-6.200000048E-01,-1.230000019E+00, 3.199999928E-01, 2.871858521E+02
         1,-7.200000286E-01,-2.400000095E+00, 3.199999928E-01, 2.886607361E+02
         1,-9.200000167E-01,-2.680000067E+00, 9.999999776E-03, 2.867809143E+02
         1,-9.999999776E-03,-2.450000048E+00, 8.799999952E-01, 2.853428040E+02
         1,-1.399999857E+00,-1.579999924E+00, 6.000000238E-01, 2.841277466E+02
         1,-1.250000000E+00,-2.400000095E+00, 2.500000000E-01, 2.846110535E+02
         1, 1.500000060E-01,-1.600000024E+00, 6.000000238E-01, 2.837187195E+02
         1,-6.199999452E-01,-1.320000052E+00, 1.330000043E+00, 2.875881958E+02
         1,-9.300000072E-01,-9.200000167E-01, 1.480000019E+00, 2.859311829E+02
         1,-9.999999776E-03,-2.799999952E+00, 1.240000010E+00, 2.855493164E+02
         1,-3.000000119E-01,-1.549999833E+00, 1.720000029E+00, 2.868376160E+02
         1,-1.000000047E-03, 1.599999964E-01, 1.389999986E+00, 2.881241455E+02
         1,-7.200000286E-01, 5.699999928E-01, 1.820000052E+00, 2.880729370E+02
         1,-4.199999869E-01,-1.199999973E-01, 1.240000010E+00, 2.860628967E+02
         1,-1.299999833E+00,-1.479999900E+00, 1.799999833E+00, 2.846880798E+02
         1,-1.499999881E+00, 2.999999821E-01, 1.399999857E+00, 2.843697205E+02
         1, 1.000000015E-01,-7.500000000E-01, 1.779999971E+00, 2.840948792E+02
         1, 1.299999952E-01,-2.299999952E+00, 1.299999833E+00, 2.840013733E+02
         1, 1.000000015E-01, 2.300000042E-01, 1.780000091E+00, 2.845009460E+02
         1, 1.299999952E-01,-4.230000019E+00, 7.000000030E-02, 2.835207825E+02
         1,-7.300000191E-01,-2.119999886E+00, 1.519999981E+00, 2.885729065E+02
         1, 1.000000015E-01,-6.999999881E-01, 6.000000238E-01, 2.842987061E+02
         1, 1.499999911E-01,-2.499999762E+00, 5.999999642E-01, 2.837331543E+02
         1,-6.200000048E-01,-2.880000114E+00, 1.870000005E+00, 2.878001099E+02
         1,-1.100000143E+00,-4.170000553E+00, 1.790000081E+00, 2.845764160E+02
         1,-1.299999952E+00,-2.549999952E+00, 1.580000043E+00, 2.850475159E+02
         1, 1.299999952E-01,-3.800000191E+00, 1.300000072E+00, 2.837679749E+02
