cellnumber,    x-coordinate,    y-coordinate,    z-coordinate,total-temperature
         1,-6.200000048E-01,-3.900000095E+00, 1.480000019E+00, 3.059326782E+02
         1,-4.299999774E-01,-3.019999981E+00, 1.090000048E-01, 3.056511230E+02
         1,-6.199999452E-01,-3.200000048E+00, 8.799999952E-01, 3.055923157E+02
         1,-2.000002004E-02,-3.579999924E+00, 4.800000489E-01, 3.021118469E+02
         1,-6.400000453E-01,-4.050000191E+00, 5.199999809E-01, 2.996336060E+02
         1,-3.000000119E-01,-4.030000687E+00, 1.000000071E-02, 2.902663879E+02
         1,-9.299998879E-01,-4.449999809E+00, 8.799999952E-01, 3.033758240E+02
         1,-1.200000048E+00,-3.099999905E+00, 1.500000060E-01, 2.888084106E+02
         1,-1.200000048E+00,-4.199999809E+00, 4.999999702E-01, 2.898543091E+02
         1, 1.299999952E-01,-3.549999714E+00, 7.000000775E-02, 2.890752563E+02
         1,-9.200000763E-01,-3.599999905E+00, 1.779999971E+00, 3.066294861E+02
         1,-8.199999928E-01, 7.000000030E-02, 7.999999523E-01, 3.067962646E+02
         1,-3.100000024E-01, 5.600000024E-01, 7.999999076E-02, 3.057064514E+02
         1,-3.300000131E-01, 7.999999821E-02, 5.600000024E-01, 3.066548767E+02
         1,-6.200000048E-01,-2.499999851E-01, 8.000000119E-01, 3.044966431E+02
         1,-5.299999714E-01,-5.799999833E-01, 9.999999776E-03, 3.051362000E+02
         1,-9.999999776E-03,-7.500000000E-01, 3.899999857E-01, 3.044953003E+02
         1,-1.300000072E+00, 4.000000060E-01, 9.999998845E-03, 2.886725159E+02
         1,-1.399999976E+00,-5.199999809E-01, 5.000000000E-01, 2.882593994E+02
         1, 1.000000015E-01, 2.000000179E-01, 6.000000834E-01, 2.901587219E+02
         1,-8.199999928E-01,-1.700000048E+00, 8.000000119E-01, 3.069782715E+02
         1,-3.000000119E-01,-4.230000019E+00, 1.389999866E+00, 3.013157043E+02
         1,-1.999999955E-02,-1.230000138E+00, 8.000000119E-01, 3.060177002E+02
         1,-6.200000048E-01,-1.230000019E+00, 3.199999928E-01, 3.064127197E+02
         1,-7.200000286E-01,-2.400000095E+00, 3.199999928E-01, 3.065482483E+02
         1,-9.200000167E-01,-2.680000067E+00, 9.999999776E-03, 3.018358765E+02
         1,-9.999999776E-03,-2.450000048E+00, 8.799999952E-01, 3.031657104E+02
         1,-1.399999976E+00,-1.580000043E+00, 6.000000238E-01, 2.904351501E+02
         1,-1.250000119E+00,-2.400000095E+00, 2.500000000E-01, 2.881153870E+02
         1, 1.500000060E-01,-1.600000024E+00, 6.000000238E-01, 2.891274719E+02
         1,-6.199999452E-01,-1.320000052E+00, 1.330000043E+00, 3.059386292E+02
         1,-9.300000072E-01,-9.200000167E-01, 1.480000019E+00, 3.044038696E+02
         1,-9.999999776E-03,-2.799999952E+00, 1.240000010E+00, 3.028277893E+02
         1,-3.000000119E-01,-1.549999833E+00, 1.720000029E+00, 3.049918823E+02
         1,-1.000000047E-03, 1.599999964E-01, 1.389999986E+00, 3.039493408E+02
         1,-7.200000286E-01, 5.699999928E-01, 1.820000052E+00, 3.065900269E+02
         1,-4.199999869E-01,-1.199999973E-01, 1.240000010E+00, 3.037897949E+02
         1,-1.299999952E+00,-1.480000138E+00, 1.799999952E+00, 2.908426208E+02
         1,-1.500000000E+00, 3.000000119E-01, 1.399999976E+00, 2.892010193E+02
         1, 1.000000015E-01,-7.500000000E-01, 1.779999971E+00, 3.045997925E+02
         1, 1.299999803E-01,-2.299999714E+00, 1.299999833E+00, 2.889718628E+02
         1, 1.000000089E-01, 2.300000340E-01, 1.780000091E+00, 3.047351379E+02
         1, 1.299999952E-01,-4.230000019E+00, 7.000000030E-02, 2.900809631E+02
         1,-7.300000191E-01,-2.119999886E+00, 1.519999981E+00, 3.073957825E+02
         1, 1.000000089E-01,-6.999999881E-01, 6.000000238E-01, 2.888977356E+02
         1, 1.500000060E-01,-2.500000238E+00, 6.000000834E-01, 2.884070435E+02
         1,-6.200000048E-01,-2.880000114E+00, 1.870000005E+00, 3.037134399E+02
         1,-1.100000024E+00,-4.170000076E+00, 1.789999962E+00, 2.927993774E+02
         1,-1.299999952E+00,-2.550000191E+00, 1.580000043E+00, 2.894740295E+02
         1, 1.299999952E-01,-3.799999714E+00, 1.299999952E+00, 2.889287720E+02
