cellnumber,    x-coordinate,    y-coordinate,    z-coordinate,total-temperature
         1,-6.200000048E-01,-3.900000095E+00, 1.480000019E+00, 3.013735657E+02
         1,-4.299999774E-01,-3.019999981E+00, 1.090000048E-01, 2.995059204E+02
         1,-6.199999452E-01,-3.200000048E+00, 8.799999952E-01, 3.012791138E+02
         1,-2.000002004E-02,-3.579999924E+00, 4.800000489E-01, 2.950707397E+02
         1,-6.400000453E-01,-4.050000191E+00, 5.199999809E-01, 2.953390503E+02
         1,-3.000000119E-01,-4.030000687E+00, 1.000000071E-02, 2.880180969E+02
         1,-9.299998879E-01,-4.449999809E+00, 8.799999952E-01, 2.955846558E+02
         1,-1.200000048E+00,-3.099999905E+00, 1.500000060E-01, 2.877973022E+02
         1,-1.200000048E+00,-4.199999809E+00, 4.999999702E-01, 2.880229492E+02
         1, 1.299999952E-01,-3.549999714E+00, 7.000000775E-02, 2.878311462E+02
         1,-9.200000763E-01,-3.599999905E+00, 1.779999971E+00, 3.020480347E+02
         1,-8.199999928E-01, 7.000000030E-02, 7.999999523E-01, 3.038692322E+02
         1,-3.100000024E-01, 5.600000024E-01, 7.999999076E-02, 2.992624512E+02
         1,-3.300000131E-01, 7.999999821E-02, 5.600000024E-01, 3.021997681E+02
         1,-6.200000048E-01,-2.499999851E-01, 8.000000119E-01, 2.979109497E+02
         1,-5.299999714E-01,-5.799999833E-01, 9.999999776E-03, 2.974986877E+02
         1,-9.999999776E-03,-7.500000000E-01, 3.899999857E-01, 2.961300964E+02
         1,-1.300000072E+00, 4.000000060E-01, 9.999998845E-03, 2.870841370E+02
         1,-1.399999976E+00,-5.199999809E-01, 5.000000000E-01, 2.877286072E+02
         1, 1.000000015E-01, 2.000000179E-01, 6.000000834E-01, 2.878568726E+02
         1,-8.199999928E-01,-1.700000048E+00, 8.000000119E-01, 3.038410339E+02
         1,-3.000000119E-01,-4.230000019E+00, 1.389999866E+00, 2.929502563E+02
         1,-1.999999955E-02,-1.230000138E+00, 8.000000119E-01, 3.000940552E+02
         1,-6.200000048E-01,-1.230000019E+00, 3.199999928E-01, 3.026535034E+02
         1,-7.200000286E-01,-2.400000095E+00, 3.199999928E-01, 3.036745605E+02
         1,-9.200000167E-01,-2.680000067E+00, 9.999999776E-03, 2.933433533E+02
         1,-9.999999776E-03,-2.450000048E+00, 8.799999952E-01, 2.947399902E+02
         1,-1.399999976E+00,-1.580000043E+00, 6.000000238E-01, 2.889111023E+02
         1,-1.250000119E+00,-2.400000095E+00, 2.500000000E-01, 2.880441895E+02
         1, 1.500000060E-01,-1.600000024E+00, 6.000000238E-01, 2.879063416E+02
         1,-6.199999452E-01,-1.320000052E+00, 1.330000043E+00, 3.017724915E+02
         1,-9.300000072E-01,-9.200000167E-01, 1.480000019E+00, 3.002237854E+02
         1,-9.999999776E-03,-2.799999952E+00, 1.240000010E+00, 2.951094360E+02
         1,-3.000000119E-01,-1.549999833E+00, 1.720000029E+00, 2.990542603E+02
         1,-1.000000047E-03, 1.599999964E-01, 1.389999986E+00, 2.962644653E+02
         1,-7.200000286E-01, 5.699999928E-01, 1.820000052E+00, 3.031623535E+02
         1,-4.199999869E-01,-1.199999973E-01, 1.240000010E+00, 2.967249146E+02
         1,-1.299999952E+00,-1.480000138E+00, 1.799999952E+00, 2.901463318E+02
         1,-1.500000000E+00, 3.000000119E-01, 1.399999976E+00, 2.871578674E+02
         1, 1.000000015E-01,-7.500000000E-01, 1.779999971E+00, 2.942729187E+02
         1, 1.299999803E-01,-2.299999714E+00, 1.299999833E+00, 2.881473083E+02
         1, 1.000000089E-01, 2.300000340E-01, 1.780000091E+00, 2.946970520E+02
         1, 1.299999952E-01,-4.230000019E+00, 7.000000030E-02, 2.877348938E+02
         1,-7.300000191E-01,-2.119999886E+00, 1.519999981E+00, 3.058143921E+02
         1, 1.000000089E-01,-6.999999881E-01, 6.000000238E-01, 2.877418518E+02
         1, 1.500000060E-01,-2.500000238E+00, 6.000000834E-01, 2.878904114E+02
         1,-6.200000048E-01,-2.880000114E+00, 1.870000005E+00, 2.958491516E+02
         1,-1.100000024E+00,-4.170000076E+00, 1.789999962E+00, 2.882442932E+02
         1,-1.299999952E+00,-2.550000191E+00, 1.580000043E+00, 2.897549438E+02
         1, 1.299999952E-01,-3.799999714E+00, 1.299999952E+00, 2.877864990E+02
