cellnumber,    x-coordinate,    y-coordinate,    z-coordinate,total-temperature
         1,-6.200000048E-01,-3.900000095E+00, 1.480000019E+00, 3.062883301E+02
         1,-4.299999774E-01,-3.019999981E+00, 1.090000048E-01, 3.061588745E+02
         1,-6.199999452E-01,-3.200000048E+00, 8.799999952E-01, 3.060039673E+02
         1,-2.000002004E-02,-3.579999924E+00, 4.800000489E-01, 3.028257751E+02
         1,-6.400000453E-01,-4.050000191E+00, 5.199999809E-01, 2.996101379E+02
         1,-3.000000119E-01,-4.030000687E+00, 1.000000071E-02, 2.910646973E+02
         1,-9.299998879E-01,-4.449999809E+00, 8.799999952E-01, 3.042157898E+02
         1,-1.200000048E+00,-3.099999905E+00, 1.500000060E-01, 2.882364502E+02
         1,-1.200000048E+00,-4.199999809E+00, 4.999999702E-01, 2.904355164E+02
         1, 1.299999952E-01,-3.549999714E+00, 7.000000775E-02, 2.890493164E+02
         1,-9.200000763E-01,-3.599999905E+00, 1.779999971E+00, 3.069575195E+02
         1,-8.199999928E-01, 7.000000030E-02, 7.999999523E-01, 3.069166870E+02
         1,-3.100000024E-01, 5.600000024E-01, 7.999999076E-02, 3.061801758E+02
         1,-3.300000131E-01, 7.999999821E-02, 5.600000024E-01, 3.069166870E+02
         1,-6.200000048E-01,-2.499999851E-01, 8.000000119E-01, 3.051392517E+02
         1,-5.299999714E-01,-5.799999833E-01, 9.999999776E-03, 3.056857910E+02
         1,-9.999999776E-03,-7.500000000E-01, 3.899999857E-01, 3.053214417E+02
         1,-1.300000072E+00, 4.000000060E-01, 9.999998845E-03, 2.888382568E+02
         1,-1.399999976E+00,-5.199999809E-01, 5.000000000E-01, 2.881109619E+02
         1, 1.000000015E-01, 2.000000179E-01, 6.000000834E-01, 2.908709412E+02
         1,-8.199999928E-01,-1.700000048E+00, 8.000000119E-01, 3.070897217E+02
         1,-3.000000119E-01,-4.230000019E+00, 1.389999866E+00, 3.025973511E+02
         1,-1.999999955E-02,-1.230000138E+00, 8.000000119E-01, 3.064457397E+02
         1,-6.200000048E-01,-1.230000019E+00, 3.199999928E-01, 3.066160278E+02
         1,-7.200000286E-01,-2.400000095E+00, 3.199999928E-01, 3.068652954E+02
         1,-9.200000167E-01,-2.680000067E+00, 9.999999776E-03, 3.028200684E+02
         1,-9.999999776E-03,-2.450000048E+00, 8.799999952E-01, 3.041429443E+02
         1,-1.399999976E+00,-1.580000043E+00, 6.000000238E-01, 2.906820984E+02
         1,-1.250000119E+00,-2.400000095E+00, 2.500000000E-01, 2.880247803E+02
         1, 1.500000060E-01,-1.600000024E+00, 6.000000238E-01, 2.893124695E+02
         1,-6.199999452E-01,-1.320000052E+00, 1.330000043E+00, 3.063493958E+02
         1,-9.300000072E-01,-9.200000167E-01, 1.480000019E+00, 3.050476379E+02
         1,-9.999999776E-03,-2.799999952E+00, 1.240000010E+00, 3.037487793E+02
         1,-3.000000119E-01,-1.549999833E+00, 1.720000029E+00, 3.053590088E+02
         1,-1.000000047E-03, 1.599999964E-01, 1.389999986E+00, 3.046824646E+02
         1,-7.200000286E-01, 5.699999928E-01, 1.820000052E+00, 3.068218689E+02
         1,-4.199999869E-01,-1.199999973E-01, 1.240000010E+00, 3.044774170E+02
         1,-1.299999952E+00,-1.480000138E+00, 1.799999952E+00, 2.905237122E+02
         1,-1.500000000E+00, 3.000000119E-01, 1.399999976E+00, 2.896005249E+02
         1, 1.000000015E-01,-7.500000000E-01, 1.779999971E+00, 3.054881287E+02
         1, 1.299999803E-01,-2.299999714E+00, 1.299999833E+00, 2.889834595E+02
         1, 1.000000089E-01, 2.300000340E-01, 1.780000091E+00, 3.055337524E+02
         1, 1.299999952E-01,-4.230000019E+00, 7.000000030E-02, 2.898367310E+02
         1,-7.300000191E-01,-2.119999886E+00, 1.519999981E+00, 3.074630737E+02
         1, 1.000000089E-01,-6.999999881E-01, 6.000000238E-01, 2.892764282E+02
         1, 1.500000060E-01,-2.500000238E+00, 6.000000834E-01, 2.884524231E+02
         1,-6.200000048E-01,-2.880000114E+00, 1.870000005E+00, 3.045669556E+02
         1,-1.100000024E+00,-4.170000076E+00, 1.789999962E+00, 2.921142578E+02
         1,-1.299999952E+00,-2.550000191E+00, 1.580000043E+00, 2.885785522E+02
         1, 1.299999952E-01,-3.799999714E+00, 1.299999952E+00, 2.893154297E+02
