cellnumber,    x-coordinate,    y-coordinate,    z-coordinate,total-temperature
         1,-6.200000048E-01,-3.900000095E+00, 1.480000019E+00, 3.032842407E+02
         1,-4.299999774E-01,-3.019999981E+00, 1.090000048E-01, 3.018553772E+02
         1,-6.199999452E-01,-3.200000048E+00, 8.799999952E-01, 3.029641113E+02
         1,-2.000002004E-02,-3.579999924E+00, 4.800000489E-01, 2.973995056E+02
         1,-6.400000453E-01,-4.050000191E+00, 5.199999809E-01, 2.967268066E+02
         1,-3.000000119E-01,-4.030000687E+00, 1.000000071E-02, 2.885744324E+02
         1,-9.299998879E-01,-4.449999809E+00, 8.799999952E-01, 2.978858643E+02
         1,-1.200000048E+00,-3.099999905E+00, 1.500000060E-01, 2.883330078E+02
         1,-1.200000048E+00,-4.199999809E+00, 4.999999702E-01, 2.886826172E+02
         1, 1.299999952E-01,-3.549999714E+00, 7.000000775E-02, 2.886190491E+02
         1,-9.200000763E-01,-3.599999905E+00, 1.779999971E+00, 3.036434326E+02
         1,-8.199999928E-01, 7.000000030E-02, 7.999999523E-01, 3.052767639E+02
         1,-3.100000024E-01, 5.600000024E-01, 7.999999076E-02, 3.017807007E+02
         1,-3.300000131E-01, 7.999999821E-02, 5.600000024E-01, 3.037840576E+02
         1,-6.200000048E-01,-2.499999851E-01, 8.000000119E-01, 2.995467529E+02
         1,-5.299999714E-01,-5.799999833E-01, 9.999999776E-03, 3.005101318E+02
         1,-9.999999776E-03,-7.500000000E-01, 3.899999857E-01, 2.985768127E+02
         1,-1.300000072E+00, 4.000000060E-01, 9.999998845E-03, 2.874236755E+02
         1,-1.399999976E+00,-5.199999809E-01, 5.000000000E-01, 2.881669922E+02
         1, 1.000000015E-01, 2.000000179E-01, 6.000000834E-01, 2.884260864E+02
         1,-8.199999928E-01,-1.700000048E+00, 8.000000119E-01, 3.053192444E+02
         1,-3.000000119E-01,-4.230000019E+00, 1.389999866E+00, 2.951308289E+02
         1,-1.999999955E-02,-1.230000138E+00, 8.000000119E-01, 3.022499390E+02
         1,-6.200000048E-01,-1.230000019E+00, 3.199999928E-01, 3.043623657E+02
         1,-7.200000286E-01,-2.400000095E+00, 3.199999928E-01, 3.050313721E+02
         1,-9.200000167E-01,-2.680000067E+00, 9.999999776E-03, 2.951306458E+02
         1,-9.999999776E-03,-2.450000048E+00, 8.799999952E-01, 2.970648804E+02
         1,-1.399999976E+00,-1.580000043E+00, 6.000000238E-01, 2.879363403E+02
         1,-1.250000119E+00,-2.400000095E+00, 2.500000000E-01, 2.874136047E+02
         1, 1.500000060E-01,-1.600000024E+00, 6.000000238E-01, 2.874994507E+02
         1,-6.199999452E-01,-1.320000052E+00, 1.330000043E+00, 3.032667847E+02
         1,-9.300000072E-01,-9.200000167E-01, 1.480000019E+00, 3.014635010E+02
         1,-9.999999776E-03,-2.799999952E+00, 1.240000010E+00, 2.972464600E+02
         1,-3.000000119E-01,-1.549999833E+00, 1.720000029E+00, 3.010581665E+02
         1,-1.000000047E-03, 1.599999964E-01, 1.389999986E+00, 2.985074463E+02
         1,-7.200000286E-01, 5.699999928E-01, 1.820000052E+00, 3.044315491E+02
         1,-4.199999869E-01,-1.199999973E-01, 1.240000010E+00, 2.988632507E+02
         1,-1.299999952E+00,-1.480000138E+00, 1.799999952E+00, 2.918045654E+02
         1,-1.500000000E+00, 3.000000119E-01, 1.399999976E+00, 2.877806091E+02
         1, 1.000000015E-01,-7.500000000E-01, 1.779999971E+00, 2.974573364E+02
         1, 1.299999803E-01,-2.299999714E+00, 1.299999833E+00, 2.877428894E+02
         1, 1.000000089E-01, 2.300000340E-01, 1.780000091E+00, 2.979263306E+02
         1, 1.299999952E-01,-4.230000019E+00, 7.000000030E-02, 2.882226868E+02
         1,-7.300000191E-01,-2.119999886E+00, 1.519999981E+00, 3.065866089E+02
         1, 1.000000089E-01,-6.999999881E-01, 6.000000238E-01, 2.881627502E+02
         1, 1.500000060E-01,-2.500000238E+00, 6.000000834E-01, 2.874973450E+02
         1,-6.200000048E-01,-2.880000114E+00, 1.870000005E+00, 2.976763611E+02
         1,-1.100000024E+00,-4.170000076E+00, 1.789999962E+00, 2.886262207E+02
         1,-1.299999952E+00,-2.550000191E+00, 1.580000043E+00, 2.917753906E+02
         1, 1.299999952E-01,-3.799999714E+00, 1.299999952E+00, 2.879652710E+02
