cellnumber,    x-coordinate,    y-coordinate,    z-coordinate,total-temperature
         1,-6.200000048E-01,-3.900000095E+00, 1.480000019E+00, 2.846499023E+02
         1,-4.299999774E-01,-3.019999981E+00, 1.090000048E-01, 2.905964050E+02
         1,-6.199999452E-01,-3.200000048E+00, 8.799999952E-01, 2.875994263E+02
         1,-2.000209130E-02,-3.580000162E+00, 4.799999893E-01, 2.853732300E+02
         1,-6.400000453E-01,-4.050000191E+00, 5.199999809E-01, 2.838472290E+02
         1,-3.000000119E-01,-4.030000210E+00, 9.999999776E-03, 2.839239807E+02
         1,-9.300044775E-01,-4.449999809E+00, 8.800000548E-01, 2.849825134E+02
         1,-1.200000048E+00,-3.099999666E+00, 1.499999911E-01, 2.848440857E+02
         1,-1.200000048E+00,-4.199999809E+00, 5.000000000E-01, 2.844519653E+02
         1, 1.299999952E-01,-3.549999952E+00, 7.000000030E-02, 2.835534973E+02
         1,-9.200000167E-01,-3.599999905E+00, 1.779999971E+00, 2.877459412E+02
         1,-8.199999928E-01, 7.000000030E-02, 8.000000119E-01, 2.855024109E+02
         1,-3.099999726E-01, 5.600000024E-01, 7.999999821E-02, 2.868887024E+02
         1,-3.300000131E-01, 7.999991626E-02, 5.600000024E-01, 2.851749878E+02
         1,-6.200000048E-01,-2.500000000E-01, 7.999999523E-01, 2.866345215E+02
         1,-5.299999714E-01,-5.799999833E-01, 1.000000071E-02, 2.857856750E+02
         1,-1.000798121E-02,-7.500000000E-01, 3.899999857E-01, 2.848445129E+02
         1,-1.299999952E+00, 4.000000060E-01, 9.999998845E-03, 2.841561584E+02
         1,-1.399999857E+00,-5.199999809E-01, 4.999999702E-01, 2.839444275E+02
         1, 1.000000015E-01, 1.999999881E-01, 6.000000238E-01, 2.847451782E+02
         1,-8.199999928E-01,-1.700000048E+00, 8.000000119E-01, 2.863078308E+02
         1,-2.999999821E-01,-4.230000019E+00, 1.389999866E+00, 2.840228882E+02
         1,-1.999999955E-02,-1.230000019E+00, 8.000000119E-01, 2.855706787E+02
         1,-6.200000048E-01,-1.230000019E+00, 3.199999928E-01, 2.865181885E+02
         1,-7.200000286E-01,-2.400000095E+00, 3.199999928E-01, 2.868449707E+02
         1,-9.200001359E-01,-2.680000067E+00, 9.999999776E-03, 2.859251709E+02
         1,-1.001500897E-02,-2.450000048E+00, 8.799999952E-01, 2.850142822E+02
         1,-1.399999857E+00,-1.579999924E+00, 5.999999642E-01, 2.839337463E+02
         1,-1.250000119E+00,-2.400000572E+00, 2.500000298E-01, 2.842369080E+02
         1, 1.500000209E-01,-1.600000143E+00, 6.000000238E-01, 2.836136780E+02
         1,-6.199999452E-01,-1.320000052E+00, 1.330000043E+00, 2.864697876E+02
         1,-9.299999475E-01,-9.200000167E-01, 1.480000019E+00, 2.857745361E+02
         1,-9.999820963E-03,-2.799999952E+00, 1.240000010E+00, 2.853272400E+02
         1,-3.000000417E-01,-1.549999952E+00, 1.720000029E+00, 2.865574341E+02
         1,-1.001112047E-03, 1.599999964E-01, 1.389999986E+00, 2.868582153E+02
         1,-7.200000286E-01, 5.699999928E-01, 1.820000052E+00, 2.871542969E+02
         1,-4.200015366E-01,-1.199999973E-01, 1.240000010E+00, 2.858634949E+02
         1,-1.299999952E+00,-1.480000019E+00, 1.799999952E+00, 2.844545288E+02
         1,-1.499999881E+00, 2.999999821E-01, 1.399999857E+00, 2.842346191E+02
         1, 1.000000015E-01,-7.500000000E-01, 1.780000091E+00, 2.839246826E+02
         1, 1.299999952E-01,-2.299999952E+00, 1.299999952E+00, 2.836971741E+02
         1, 1.000000089E-01, 2.300000042E-01, 1.779999971E+00, 2.843466492E+02
         1, 1.299999952E-01,-4.230000019E+00, 7.000000030E-02, 2.834801941E+02
         1,-7.300000191E-01,-2.119999886E+00, 1.519999981E+00, 2.881403503E+02
         1, 1.000000015E-01,-6.999999881E-01, 6.000000238E-01, 2.839822083E+02
         1, 1.500000060E-01,-2.500000238E+00, 6.000000834E-01, 2.835794067E+02
         1,-6.200000048E-01,-2.880000114E+00, 1.870000005E+00, 2.880065308E+02
         1,-1.100000024E+00,-4.170000076E+00, 1.789999962E+00, 2.843731689E+02
         1,-1.299999952E+00,-2.549999952E+00, 1.580000043E+00, 2.848296509E+02
         1, 1.299999952E-01,-3.799999952E+00, 1.299999952E+00, 2.837559814E+02
