cellnumber,    x-coordinate,    y-coordinate,    z-coordinate,total-temperature
         1,-6.200000048E-01,-3.900000095E+00, 1.480000019E+00, 2.838616638E+02
         1,-4.299999774E-01,-3.019999981E+00, 1.090000048E-01, 2.862821960E+02
         1,-6.199999452E-01,-3.200000048E+00, 8.799999952E-01, 2.848044128E+02
         1,-2.000209130E-02,-3.580000162E+00, 4.799999893E-01, 2.840849915E+02
         1,-6.400000453E-01,-4.050000191E+00, 5.199999809E-01, 2.834496155E+02
         1,-3.000000119E-01,-4.030000210E+00, 9.999999776E-03, 2.834812012E+02
         1,-9.300044775E-01,-4.449999809E+00, 8.800000548E-01, 2.839830627E+02
         1,-1.200000048E+00,-3.099999666E+00, 1.499999911E-01, 2.838004150E+02
         1,-1.200000048E+00,-4.199999809E+00, 5.000000000E-01, 2.836419373E+02
         1, 1.299999952E-01,-3.549999952E+00, 7.000000030E-02, 2.832453308E+02
         1,-9.200000167E-01,-3.599999905E+00, 1.779999971E+00, 2.849316711E+02
         1,-8.199999928E-01, 7.000000030E-02, 8.000000119E-01, 2.841800537E+02
         1,-3.099999726E-01, 5.600000024E-01, 7.999999821E-02, 2.847040100E+02
         1,-3.300000131E-01, 7.999991626E-02, 5.600000024E-01, 2.840627441E+02
         1,-6.200000048E-01,-2.500000000E-01, 7.999999523E-01, 2.845192261E+02
         1,-5.299999714E-01,-5.799999833E-01, 1.000000071E-02, 2.842532654E+02
         1,-1.000798121E-02,-7.500000000E-01, 3.899999857E-01, 2.839167175E+02
         1,-1.299999952E+00, 4.000000060E-01, 9.999998845E-03, 2.835133667E+02
         1,-1.399999857E+00,-5.199999809E-01, 4.999999702E-01, 2.834208679E+02
         1, 1.000000015E-01, 1.999999881E-01, 6.000000238E-01, 2.837860107E+02
         1,-8.199999928E-01,-1.700000048E+00, 8.000000119E-01, 2.844325867E+02
         1,-2.999999821E-01,-4.230000019E+00, 1.389999866E+00, 2.835081482E+02
         1,-1.999999955E-02,-1.230000019E+00, 8.000000119E-01, 2.842068176E+02
         1,-6.200000048E-01,-1.230000019E+00, 3.199999928E-01, 2.845745544E+02
         1,-7.200000286E-01,-2.400000095E+00, 3.199999928E-01, 2.846278992E+02
         1,-9.200001359E-01,-2.680000067E+00, 9.999999776E-03, 2.843281250E+02
         1,-1.001500897E-02,-2.450000048E+00, 8.799999952E-01, 2.839290771E+02
         1,-1.399999857E+00,-1.579999924E+00, 5.999999642E-01, 2.834134827E+02
         1,-1.250000119E+00,-2.400000572E+00, 2.500000298E-01, 2.835465088E+02
         1, 1.500000209E-01,-1.600000143E+00, 6.000000238E-01, 2.832742615E+02
         1,-6.199999452E-01,-1.320000052E+00, 1.330000043E+00, 2.844732056E+02
         1,-9.299999475E-01,-9.200000167E-01, 1.480000019E+00, 2.842254639E+02
         1,-9.999820963E-03,-2.799999952E+00, 1.240000010E+00, 2.840783386E+02
         1,-3.000000417E-01,-1.549999952E+00, 1.720000029E+00, 2.845111389E+02
         1,-1.001112047E-03, 1.599999964E-01, 1.389999986E+00, 2.845571899E+02
         1,-7.200000286E-01, 5.699999928E-01, 1.820000052E+00, 2.846735535E+02
         1,-4.200015366E-01,-1.199999973E-01, 1.240000010E+00, 2.842354431E+02
         1,-1.299999952E+00,-1.480000019E+00, 1.799999952E+00, 2.836287231E+02
         1,-1.499999881E+00, 2.999999821E-01, 1.399999857E+00, 2.835323486E+02
         1, 1.000000015E-01,-7.500000000E-01, 1.780000091E+00, 2.833732300E+02
         1, 1.299999952E-01,-2.299999952E+00, 1.299999952E+00, 2.832982788E+02
         1, 1.000000089E-01, 2.300000042E-01, 1.779999971E+00, 2.835356445E+02
         1, 1.299999952E-01,-4.230000019E+00, 7.000000030E-02, 2.832142334E+02
         1,-7.300000191E-01,-2.119999886E+00, 1.519999981E+00, 2.849516907E+02
         1, 1.000000015E-01,-6.999999881E-01, 6.000000238E-01, 2.834398499E+02
         1, 1.500000060E-01,-2.500000238E+00, 6.000000834E-01, 2.832593994E+02
         1,-6.200000048E-01,-2.880000114E+00, 1.870000005E+00, 2.849725952E+02
         1,-1.100000024E+00,-4.170000076E+00, 1.789999962E+00, 2.836116028E+02
         1,-1.299999952E+00,-2.549999952E+00, 1.580000043E+00, 2.837884521E+02
         1, 1.299999952E-01,-3.799999952E+00, 1.299999952E+00, 2.833162231E+02
