cellnumber,    x-coordinate,    y-coordinate,    z-coordinate,total-temperature
         1,-6.200000048E-01,-3.900000095E+00, 1.480000019E+00, 2.838742981E+02
         1,-4.299999774E-01,-3.019999981E+00, 1.090000048E-01, 2.865163269E+02
         1,-6.199999452E-01,-3.200000048E+00, 8.799999952E-01, 2.848663635E+02
         1,-2.000209130E-02,-3.580000162E+00, 4.799999893E-01, 2.841140747E+02
         1,-6.400000453E-01,-4.050000191E+00, 5.199999809E-01, 2.834566956E+02
         1,-3.000000119E-01,-4.030000210E+00, 9.999999776E-03, 2.834896240E+02
         1,-9.300044775E-01,-4.449999809E+00, 8.800000548E-01, 2.839992981E+02
         1,-1.200000048E+00,-3.099999666E+00, 1.499999911E-01, 2.838291931E+02
         1,-1.200000048E+00,-4.199999809E+00, 5.000000000E-01, 2.836591797E+02
         1, 1.299999952E-01,-3.549999952E+00, 7.000000030E-02, 2.832524414E+02
         1,-9.200000167E-01,-3.599999905E+00, 1.779999971E+00, 2.850061951E+02
         1,-8.199999928E-01, 7.000000030E-02, 8.000000119E-01, 2.842052917E+02
         1,-3.099999726E-01, 5.600000024E-01, 7.999999821E-02, 2.847541809E+02
         1,-3.300000131E-01, 7.999991626E-02, 5.600000024E-01, 2.840853271E+02
         1,-6.200000048E-01,-2.500000000E-01, 7.999999523E-01, 2.845665894E+02
         1,-5.299999714E-01,-5.799999833E-01, 1.000000071E-02, 2.842864685E+02
         1,-1.000798121E-02,-7.500000000E-01, 3.899999857E-01, 2.839357300E+02
         1,-1.299999952E+00, 4.000000060E-01, 9.999998845E-03, 2.835287170E+02
         1,-1.399999857E+00,-5.199999809E-01, 4.999999702E-01, 2.834328613E+02
         1, 1.000000015E-01, 1.999999881E-01, 6.000000238E-01, 2.838062744E+02
         1,-8.199999928E-01,-1.700000048E+00, 8.000000119E-01, 2.844696045E+02
         1,-2.999999821E-01,-4.230000019E+00, 1.389999866E+00, 2.835187988E+02
         1,-1.999999955E-02,-1.230000019E+00, 8.000000119E-01, 2.842326965E+02
         1,-6.200000048E-01,-1.230000019E+00, 3.199999928E-01, 2.846246033E+02
         1,-7.200000286E-01,-2.400000095E+00, 3.199999928E-01, 2.846749268E+02
         1,-9.200001359E-01,-2.680000067E+00, 9.999999776E-03, 2.843701477E+02
         1,-1.001500897E-02,-2.450000048E+00, 8.799999952E-01, 2.839522705E+02
         1,-1.399999857E+00,-1.579999924E+00, 5.999999642E-01, 2.834249573E+02
         1,-1.250000119E+00,-2.400000572E+00, 2.500000298E-01, 2.835619507E+02
         1, 1.500000209E-01,-1.600000143E+00, 6.000000238E-01, 2.832815552E+02
         1,-6.199999452E-01,-1.320000052E+00, 1.330000043E+00, 2.845126953E+02
         1,-9.299999475E-01,-9.200000167E-01, 1.480000019E+00, 2.842561646E+02
         1,-9.999820963E-03,-2.799999952E+00, 1.240000010E+00, 2.841044312E+02
         1,-3.000000417E-01,-1.549999952E+00, 1.720000029E+00, 2.845531616E+02
         1,-1.001112047E-03, 1.599999964E-01, 1.389999986E+00, 2.846083679E+02
         1,-7.200000286E-01, 5.699999928E-01, 1.820000052E+00, 2.847212524E+02
         1,-4.200015366E-01,-1.199999973E-01, 1.240000010E+00, 2.842743835E+02
         1,-1.299999952E+00,-1.480000019E+00, 1.799999952E+00, 2.836470642E+02
         1,-1.499999881E+00, 2.999999821E-01, 1.399999857E+00, 2.835476074E+02
         1, 1.000000015E-01,-7.500000000E-01, 1.780000091E+00, 2.833847046E+02
         1, 1.299999952E-01,-2.299999952E+00, 1.299999952E+00, 2.833070068E+02
         1, 1.000000089E-01, 2.300000042E-01, 1.779999971E+00, 2.835528259E+02
         1, 1.299999952E-01,-4.230000019E+00, 7.000000030E-02, 2.832204285E+02
         1,-7.300000191E-01,-2.119999886E+00, 1.519999981E+00, 2.850268555E+02
         1, 1.000000015E-01,-6.999999881E-01, 6.000000238E-01, 2.834511108E+02
         1, 1.500000060E-01,-2.500000238E+00, 6.000000834E-01, 2.832662354E+02
         1,-6.200000048E-01,-2.880000114E+00, 1.870000005E+00, 2.850588989E+02
         1,-1.100000024E+00,-4.170000076E+00, 1.789999962E+00, 2.836277161E+02
         1,-1.299999952E+00,-2.549999952E+00, 1.580000043E+00, 2.838116455E+02
         1, 1.299999952E-01,-3.799999952E+00, 1.299999952E+00, 2.833255920E+02
