cellnumber,    x-coordinate,    y-coordinate,    z-coordinate,total-temperature
         1,-6.200000048E-01,-3.900000095E+00, 1.480000019E+00, 2.841290894E+02
         1,-4.299999774E-01,-3.019999981E+00, 1.090000048E-01, 2.888501282E+02
         1,-6.199999452E-01,-3.200000048E+00, 8.799999952E-01, 2.859475098E+02
         1,-2.000209130E-02,-3.580000162E+00, 4.799999893E-01, 2.846073914E+02
         1,-6.400000453E-01,-4.050000191E+00, 5.199999809E-01, 2.835913696E+02
         1,-3.000000119E-01,-4.030000210E+00, 9.999999776E-03, 2.836464233E+02
         1,-9.300044775E-01,-4.449999809E+00, 8.800000548E-01, 2.843341370E+02
         1,-1.200000048E+00,-3.099999666E+00, 1.499999911E-01, 2.842577820E+02
         1,-1.200000048E+00,-4.199999809E+00, 5.000000000E-01, 2.839647827E+02
         1, 1.299999952E-01,-3.549999952E+00, 7.000000030E-02, 2.833718262E+02
         1,-9.200000167E-01,-3.599999905E+00, 1.779999971E+00, 2.861880493E+02
         1,-8.199999928E-01, 7.000000030E-02, 8.000000119E-01, 2.846700134E+02
         1,-3.099999726E-01, 5.600000024E-01, 7.999999821E-02, 2.856392822E+02
         1,-3.300000131E-01, 7.999991626E-02, 5.600000024E-01, 2.844884949E+02
         1,-6.200000048E-01,-2.500000000E-01, 7.999999523E-01, 2.853952026E+02
         1,-5.299999714E-01,-5.799999833E-01, 1.000000071E-02, 2.848600464E+02
         1,-1.000798121E-02,-7.500000000E-01, 3.899999857E-01, 2.842753906E+02
         1,-1.299999952E+00, 4.000000060E-01, 9.999998845E-03, 2.837803955E+02
         1,-1.399999857E+00,-5.199999809E-01, 4.999999702E-01, 2.836348877E+02
         1, 1.000000015E-01, 1.999999881E-01, 6.000000238E-01, 2.841630859E+02
         1,-8.199999928E-01,-1.700000048E+00, 8.000000119E-01, 2.851399231E+02
         1,-2.999999821E-01,-4.230000019E+00, 1.389999866E+00, 2.837105713E+02
         1,-1.999999955E-02,-1.230000019E+00, 8.000000119E-01, 2.847338562E+02
         1,-6.200000048E-01,-1.230000019E+00, 3.199999928E-01, 2.854176636E+02
         1,-7.200000286E-01,-2.400000095E+00, 3.199999928E-01, 2.854988403E+02
         1,-9.200001359E-01,-2.680000067E+00, 9.999999776E-03, 2.850148315E+02
         1,-1.001500897E-02,-2.450000048E+00, 8.799999952E-01, 2.843609924E+02
         1,-1.399999857E+00,-1.579999924E+00, 5.999999642E-01, 2.836231384E+02
         1,-1.250000119E+00,-2.400000572E+00, 2.500000298E-01, 2.838262939E+02
         1, 1.500000209E-01,-1.600000143E+00, 6.000000238E-01, 2.834084473E+02
         1,-6.199999452E-01,-1.320000052E+00, 1.330000043E+00, 2.852339172E+02
         1,-9.299999475E-01,-9.200000167E-01, 1.480000019E+00, 2.848130493E+02
         1,-9.999820963E-03,-2.799999952E+00, 1.240000010E+00, 2.845718079E+02
         1,-3.000000417E-01,-1.549999952E+00, 1.720000029E+00, 2.853238525E+02
         1,-1.001112047E-03, 1.599999964E-01, 1.389999986E+00, 2.855084534E+02
         1,-7.200000286E-01, 5.699999928E-01, 1.820000052E+00, 2.856386414E+02
         1,-4.200015366E-01,-1.199999973E-01, 1.240000010E+00, 2.849224243E+02
         1,-1.299999952E+00,-1.480000019E+00, 1.799999952E+00, 2.839630737E+02
         1,-1.499999881E+00, 2.999999821E-01, 1.399999857E+00, 2.838168945E+02
         1, 1.000000015E-01,-7.500000000E-01, 1.780000091E+00, 2.835941467E+02
         1, 1.299999952E-01,-2.299999952E+00, 1.299999952E+00, 2.834603882E+02
         1, 1.000000089E-01, 2.300000042E-01, 1.779999971E+00, 2.838602600E+02
         1, 1.299999952E-01,-4.230000019E+00, 7.000000030E-02, 2.833236694E+02
         1,-7.300000191E-01,-2.119999886E+00, 1.519999981E+00, 2.863227844E+02
         1, 1.000000015E-01,-6.999999881E-01, 6.000000238E-01, 2.836534424E+02
         1, 1.500000060E-01,-2.500000238E+00, 6.000000834E-01, 2.833859558E+02
         1,-6.200000048E-01,-2.880000114E+00, 1.870000005E+00, 2.863793945E+02
         1,-1.100000024E+00,-4.170000076E+00, 1.789999962E+00, 2.839158936E+02
         1,-1.299999952E+00,-2.549999952E+00, 1.580000043E+00, 2.842104492E+02
         1, 1.299999952E-01,-3.799999952E+00, 1.299999952E+00, 2.834941711E+02
