cellnumber,    x-coordinate,    y-coordinate,    z-coordinate,total-temperature
         1,-6.200000048E-01,-3.900000095E+00, 1.480000019E+00, 2.857097473E+02
         1,-4.299999774E-01,-3.019999981E+00, 1.090000048E-01, 2.916759644E+02
         1,-6.199999452E-01,-3.200000048E+00, 8.799999952E-01, 2.897506104E+02
         1,-2.000209130E-02,-3.580000162E+00, 4.799999893E-01, 2.864693298E+02
         1,-6.400000453E-01,-4.050000191E+00, 5.199999809E-01, 2.843343506E+02
         1,-3.000000119E-01,-4.030000210E+00, 9.999999776E-03, 2.844109497E+02
         1,-9.300044775E-01,-4.449999809E+00, 8.800000548E-01, 2.860775452E+02
         1,-1.200000048E+00,-3.099999666E+00, 1.499999911E-01, 2.855811157E+02
         1,-1.200000048E+00,-4.199999809E+00, 5.000000000E-01, 2.851620178E+02
         1, 1.299999952E-01,-3.549999952E+00, 7.000000030E-02, 2.838082886E+02
         1,-9.200000167E-01,-3.599999905E+00, 1.779999971E+00, 2.895858154E+02
         1,-8.199999928E-01, 7.000000030E-02, 8.000000119E-01, 2.869423828E+02
         1,-3.099999726E-01, 5.600000024E-01, 7.999999821E-02, 2.882183533E+02
         1,-3.300000131E-01, 7.999991626E-02, 5.600000024E-01, 2.863525391E+02
         1,-6.200000048E-01,-2.500000000E-01, 7.999999523E-01, 2.881609192E+02
         1,-5.299999714E-01,-5.799999833E-01, 1.000000071E-02, 2.871926575E+02
         1,-1.000798121E-02,-7.500000000E-01, 3.899999857E-01, 2.857558289E+02
         1,-1.299999952E+00, 4.000000060E-01, 9.999998845E-03, 2.846791992E+02
         1,-1.399999857E+00,-5.199999809E-01, 4.999999702E-01, 2.843847961E+02
         1, 1.000000015E-01, 1.999999881E-01, 6.000000238E-01, 2.856126099E+02
         1,-8.199999928E-01,-1.700000048E+00, 8.000000119E-01, 2.881658020E+02
         1,-2.999999821E-01,-4.230000019E+00, 1.389999866E+00, 2.844997253E+02
         1,-1.999999955E-02,-1.230000019E+00, 8.000000119E-01, 2.868420410E+02
         1,-6.200000048E-01,-1.230000019E+00, 3.199999928E-01, 2.879493713E+02
         1,-7.200000286E-01,-2.400000095E+00, 3.199999928E-01, 2.888100891E+02
         1,-9.200001359E-01,-2.680000067E+00, 9.999999776E-03, 2.871123657E+02
         1,-1.001500897E-02,-2.450000048E+00, 8.799999952E-01, 2.859848633E+02
         1,-1.399999857E+00,-1.579999924E+00, 5.999999642E-01, 2.843794861E+02
         1,-1.250000119E+00,-2.400000572E+00, 2.500000298E-01, 2.848213196E+02
         1, 1.500000209E-01,-1.600000143E+00, 6.000000238E-01, 2.839125671E+02
         1,-6.199999452E-01,-1.320000052E+00, 1.330000043E+00, 2.883783875E+02
         1,-9.299999475E-01,-9.200000167E-01, 1.480000019E+00, 2.873094482E+02
         1,-9.999820963E-03,-2.799999952E+00, 1.240000010E+00, 2.864317627E+02
         1,-3.000000417E-01,-1.549999952E+00, 1.720000029E+00, 2.882258911E+02
         1,-1.001112047E-03, 1.599999964E-01, 1.389999986E+00, 2.885440979E+02
         1,-7.200000286E-01, 5.699999928E-01, 1.820000052E+00, 2.891108398E+02
         1,-4.200015366E-01,-1.199999973E-01, 1.240000010E+00, 2.871459961E+02
         1,-1.299999952E+00,-1.480000019E+00, 1.799999952E+00, 2.851472778E+02
         1,-1.499999881E+00, 2.999999821E-01, 1.399999857E+00, 2.848209534E+02
         1, 1.000000015E-01,-7.500000000E-01, 1.780000091E+00, 2.843890076E+02
         1, 1.299999952E-01,-2.299999952E+00, 1.299999952E+00, 2.840239563E+02
         1, 1.000000089E-01, 2.300000042E-01, 1.779999971E+00, 2.850309753E+02
         1, 1.299999952E-01,-4.230000019E+00, 7.000000030E-02, 2.836995239E+02
         1,-7.300000191E-01,-2.119999886E+00, 1.519999981E+00, 2.903484802E+02
         1, 1.000000015E-01,-6.999999881E-01, 6.000000238E-01, 2.844640808E+02
         1, 1.500000060E-01,-2.500000238E+00, 6.000000834E-01, 2.838607788E+02
         1,-6.200000048E-01,-2.880000114E+00, 1.870000005E+00, 2.897204285E+02
         1,-1.100000024E+00,-4.170000076E+00, 1.789999962E+00, 2.850399170E+02
         1,-1.299999952E+00,-2.549999952E+00, 1.580000043E+00, 2.857064819E+02
         1, 1.299999952E-01,-3.799999952E+00, 1.299999952E+00, 2.841254272E+02
