cellnumber,    x-coordinate,    y-coordinate,    z-coordinate,total-temperature
         1,-6.200000048E-01,-3.900000095E+00, 1.480000019E+00, 2.862024536E+02
         1,-4.299999774E-01,-3.019999981E+00, 1.090000048E-01, 2.918613892E+02
         1,-6.199999452E-01,-3.200000048E+00, 8.799999952E-01, 2.904873352E+02
         1,-2.000209130E-02,-3.580000162E+00, 4.799999893E-01, 2.868813477E+02
         1,-6.400000453E-01,-4.050000191E+00, 5.199999809E-01, 2.845672913E+02
         1,-3.000000119E-01,-4.030000210E+00, 9.999999776E-03, 2.846220398E+02
         1,-9.300044775E-01,-4.449999809E+00, 8.800000548E-01, 2.865208130E+02
         1,-1.200000048E+00,-3.099999666E+00, 1.499999911E-01, 2.858810425E+02
         1,-1.200000048E+00,-4.199999809E+00, 5.000000000E-01, 2.854348450E+02
         1, 1.299999952E-01,-3.549999952E+00, 7.000000030E-02, 2.839111633E+02
         1,-9.200000167E-01,-3.599999905E+00, 1.779999971E+00, 2.901965942E+02
         1,-8.199999928E-01, 7.000000030E-02, 8.000000119E-01, 2.875690002E+02
         1,-3.099999726E-01, 5.600000024E-01, 7.999999821E-02, 2.885920105E+02
         1,-3.300000131E-01, 7.999991626E-02, 5.600000024E-01, 2.868720398E+02
         1,-6.200000048E-01,-2.500000000E-01, 7.999999523E-01, 2.886348572E+02
         1,-5.299999714E-01,-5.799999833E-01, 1.000000071E-02, 2.877532043E+02
         1,-1.000798121E-02,-7.500000000E-01, 3.899999857E-01, 2.861329346E+02
         1,-1.299999952E+00, 4.000000060E-01, 9.999998845E-03, 2.848808594E+02
         1,-1.399999857E+00,-5.199999809E-01, 4.999999702E-01, 2.845513916E+02
         1, 1.000000015E-01, 1.999999881E-01, 6.000000238E-01, 2.859405823E+02
         1,-8.199999928E-01,-1.700000048E+00, 8.000000119E-01, 2.889052429E+02
         1,-2.999999821E-01,-4.230000019E+00, 1.389999866E+00, 2.846944580E+02
         1,-1.999999955E-02,-1.230000019E+00, 8.000000119E-01, 2.873349609E+02
         1,-6.200000048E-01,-1.230000019E+00, 3.199999928E-01, 2.884743042E+02
         1,-7.200000286E-01,-2.400000095E+00, 3.199999928E-01, 2.895446472E+02
         1,-9.200001359E-01,-2.680000067E+00, 9.999999776E-03, 2.875522156E+02
         1,-1.001500897E-02,-2.450000048E+00, 8.799999952E-01, 2.863650818E+02
         1,-1.399999857E+00,-1.579999924E+00, 5.999999642E-01, 2.845472107E+02
         1,-1.250000119E+00,-2.400000572E+00, 2.500000298E-01, 2.850476685E+02
         1, 1.500000209E-01,-1.600000143E+00, 6.000000238E-01, 2.840314941E+02
         1,-6.199999452E-01,-1.320000052E+00, 1.330000043E+00, 2.891039734E+02
         1,-9.299999475E-01,-9.200000167E-01, 1.480000019E+00, 2.879275208E+02
         1,-9.999820963E-03,-2.799999952E+00, 1.240000010E+00, 2.868551025E+02
         1,-3.000000417E-01,-1.549999952E+00, 1.720000029E+00, 2.888050232E+02
         1,-1.001112047E-03, 1.599999964E-01, 1.389999986E+00, 2.891025696E+02
         1,-7.200000286E-01, 5.699999928E-01, 1.820000052E+00, 2.897426453E+02
         1,-4.200015366E-01,-1.199999973E-01, 1.240000010E+00, 2.876329651E+02
         1,-1.299999952E+00,-1.480000019E+00, 1.799999952E+00, 2.853986206E+02
         1,-1.499999881E+00, 2.999999821E-01, 1.399999857E+00, 2.850325623E+02
         1, 1.000000015E-01,-7.500000000E-01, 1.780000091E+00, 2.845606384E+02
         1, 1.299999952E-01,-2.299999952E+00, 1.299999952E+00, 2.841438599E+02
         1, 1.000000089E-01, 2.300000042E-01, 1.779999971E+00, 2.852787170E+02
         1, 1.299999952E-01,-4.230000019E+00, 7.000000030E-02, 2.837850342E+02
         1,-7.300000191E-01,-2.119999886E+00, 1.519999981E+00, 2.910967407E+02
         1, 1.000000015E-01,-6.999999881E-01, 6.000000238E-01, 2.846536560E+02
         1, 1.500000060E-01,-2.500000238E+00, 6.000000834E-01, 2.839726563E+02
         1,-6.200000048E-01,-2.880000114E+00, 1.870000005E+00, 2.902127991E+02
         1,-1.100000024E+00,-4.170000076E+00, 1.789999962E+00, 2.852650757E+02
         1,-1.299999952E+00,-2.549999952E+00, 1.580000043E+00, 2.860308533E+02
         1, 1.299999952E-01,-3.799999952E+00, 1.299999952E+00, 2.842649536E+02
