cellnumber,    x-coordinate,    y-coordinate,    z-coordinate,total-temperature
         1,-6.200000048E-01,-3.900000095E+00, 1.480000019E+00, 3.069870300E+02
         1,-4.299999774E-01,-3.019999981E+00, 1.090000048E-01, 3.070805359E+02
         1,-6.199999452E-01,-3.200000048E+00, 8.799999952E-01, 3.067950439E+02
         1,-2.000002004E-02,-3.579999924E+00, 4.800000489E-01, 3.044659729E+02
         1,-6.400000453E-01,-4.050000191E+00, 5.199999809E-01, 2.991625977E+02
         1,-3.000000119E-01,-4.030000687E+00, 1.000000071E-02, 2.914506836E+02
         1,-9.299998879E-01,-4.449999809E+00, 8.799999952E-01, 3.058710022E+02
         1,-1.200000048E+00,-3.099999905E+00, 1.500000060E-01, 2.874257202E+02
         1,-1.200000048E+00,-4.199999809E+00, 4.999999702E-01, 2.891421204E+02
         1, 1.299999952E-01,-3.549999714E+00, 7.000000775E-02, 2.888586426E+02
         1,-9.200000763E-01,-3.599999905E+00, 1.779999971E+00, 3.074938354E+02
         1,-8.199999928E-01, 7.000000030E-02, 7.999999523E-01, 3.073622437E+02
         1,-3.100000024E-01, 5.600000024E-01, 7.999999076E-02, 3.070851746E+02
         1,-3.300000131E-01, 7.999999821E-02, 5.600000024E-01, 3.073998108E+02
         1,-6.200000048E-01,-2.499999851E-01, 8.000000119E-01, 3.057124023E+02
         1,-5.299999714E-01,-5.799999833E-01, 9.999999776E-03, 3.067878723E+02
         1,-9.999999776E-03,-7.500000000E-01, 3.899999857E-01, 3.067493896E+02
         1,-1.300000072E+00, 4.000000060E-01, 9.999998845E-03, 2.878735046E+02
         1,-1.399999976E+00,-5.199999809E-01, 5.000000000E-01, 2.875673828E+02
         1, 1.000000015E-01, 2.000000179E-01, 6.000000834E-01, 2.914011841E+02
         1,-8.199999928E-01,-1.700000048E+00, 8.000000119E-01, 3.073888550E+02
         1,-3.000000119E-01,-4.230000019E+00, 1.389999866E+00, 3.053783264E+02
         1,-1.999999955E-02,-1.230000138E+00, 8.000000119E-01, 3.072047119E+02
         1,-6.200000048E-01,-1.230000019E+00, 3.199999928E-01, 3.073689270E+02
         1,-7.200000286E-01,-2.400000095E+00, 3.199999928E-01, 3.074504089E+02
         1,-9.200000167E-01,-2.680000067E+00, 9.999999776E-03, 3.053147278E+02
         1,-9.999999776E-03,-2.450000048E+00, 8.799999952E-01, 3.059686890E+02
         1,-1.399999976E+00,-1.580000043E+00, 6.000000238E-01, 2.896548462E+02
         1,-1.250000119E+00,-2.400000095E+00, 2.500000000E-01, 2.873454590E+02
         1, 1.500000060E-01,-1.600000024E+00, 6.000000238E-01, 2.899587097E+02
         1,-6.199999452E-01,-1.320000052E+00, 1.330000043E+00, 3.071150818E+02
         1,-9.300000072E-01,-9.200000167E-01, 1.480000019E+00, 3.061694641E+02
         1,-9.999999776E-03,-2.799999952E+00, 1.240000010E+00, 3.055780334E+02
         1,-3.000000119E-01,-1.549999833E+00, 1.720000029E+00, 3.062923889E+02
         1,-1.000000047E-03, 1.599999964E-01, 1.389999986E+00, 3.061399536E+02
         1,-7.200000286E-01, 5.699999928E-01, 1.820000052E+00, 3.074117432E+02
         1,-4.199999869E-01,-1.199999973E-01, 1.240000010E+00, 3.057866211E+02
         1,-1.299999952E+00,-1.480000138E+00, 1.799999952E+00, 2.897432251E+02
         1,-1.500000000E+00, 3.000000119E-01, 1.399999976E+00, 2.882733765E+02
         1, 1.000000015E-01,-7.500000000E-01, 1.779999971E+00, 3.069489746E+02
         1, 1.299999803E-01,-2.299999714E+00, 1.299999833E+00, 2.896278076E+02
         1, 1.000000089E-01, 2.300000340E-01, 1.780000091E+00, 3.068696594E+02
         1, 1.299999952E-01,-4.230000019E+00, 7.000000030E-02, 2.900268860E+02
         1,-7.300000191E-01,-2.119999886E+00, 1.519999981E+00, 3.076026001E+02
         1, 1.000000089E-01,-6.999999881E-01, 6.000000238E-01, 2.903347473E+02
         1, 1.500000060E-01,-2.500000238E+00, 6.000000834E-01, 2.887737122E+02
         1,-6.200000048E-01,-2.880000114E+00, 1.870000005E+00, 3.061242371E+02
         1,-1.100000024E+00,-4.170000076E+00, 1.789999962E+00, 2.892010498E+02
         1,-1.299999952E+00,-2.550000191E+00, 1.580000043E+00, 2.878702393E+02
         1, 1.299999952E-01,-3.799999714E+00, 1.299999952E+00, 2.894904480E+02
