cellnumber,    x-coordinate,    y-coordinate,    z-coordinate,total-temperature
         1,-6.200000048E-01,-3.900000095E+00, 1.480000019E+00, 2.980101624E+02
         1,-4.299999774E-01,-3.019999981E+00, 1.090000048E-01, 2.953541565E+02
         1,-6.199999452E-01,-3.200000048E+00, 8.799999952E-01, 2.984251709E+02
         1,-2.000002004E-02,-3.579999924E+00, 4.800000489E-01, 2.919532776E+02
         1,-6.400000453E-01,-4.050000191E+00, 5.199999809E-01, 2.931569824E+02
         1,-3.000000119E-01,-4.030000687E+00, 1.000000071E-02, 2.874006042E+02
         1,-9.299998879E-01,-4.449999809E+00, 8.799999952E-01, 2.922775574E+02
         1,-1.200000048E+00,-3.099999905E+00, 1.500000060E-01, 2.872612915E+02
         1,-1.200000048E+00,-4.199999809E+00, 4.999999702E-01, 2.874625244E+02
         1, 1.299999952E-01,-3.549999714E+00, 7.000000775E-02, 2.873775330E+02
         1,-9.200000763E-01,-3.599999905E+00, 1.779999971E+00, 2.987297974E+02
         1,-8.199999928E-01, 7.000000030E-02, 7.999999523E-01, 3.004081421E+02
         1,-3.100000024E-01, 5.600000024E-01, 7.999999076E-02, 2.947055359E+02
         1,-3.300000131E-01, 7.999999821E-02, 5.600000024E-01, 2.983528748E+02
         1,-6.200000048E-01,-2.499999851E-01, 8.000000119E-01, 2.955800781E+02
         1,-5.299999714E-01,-5.799999833E-01, 9.999999776E-03, 2.931462708E+02
         1,-9.999999776E-03,-7.500000000E-01, 3.899999857E-01, 2.924368896E+02
         1,-1.300000072E+00, 4.000000060E-01, 9.999998845E-03, 2.867839050E+02
         1,-1.399999976E+00,-5.199999809E-01, 5.000000000E-01, 2.873106995E+02
         1, 1.000000015E-01, 2.000000179E-01, 6.000000834E-01, 2.871345215E+02
         1,-8.199999928E-01,-1.700000048E+00, 8.000000119E-01, 3.010652161E+02
         1,-3.000000119E-01,-4.230000019E+00, 1.389999866E+00, 2.902360840E+02
         1,-1.999999955E-02,-1.230000138E+00, 8.000000119E-01, 2.959378052E+02
         1,-6.200000048E-01,-1.230000019E+00, 3.199999928E-01, 2.989969788E+02
         1,-7.200000286E-01,-2.400000095E+00, 3.199999928E-01, 3.008262024E+02
         1,-9.200000167E-01,-2.680000067E+00, 9.999999776E-03, 2.905737305E+02
         1,-9.999999776E-03,-2.450000048E+00, 8.799999952E-01, 2.915786743E+02
         1,-1.399999976E+00,-1.580000043E+00, 6.000000238E-01, 2.877156372E+02
         1,-1.250000119E+00,-2.400000095E+00, 2.500000000E-01, 2.876492004E+02
         1, 1.500000060E-01,-1.600000024E+00, 6.000000238E-01, 2.872455444E+02
         1,-6.199999452E-01,-1.320000052E+00, 1.330000043E+00, 2.983399353E+02
         1,-9.300000072E-01,-9.200000167E-01, 1.480000019E+00, 2.976004333E+02
         1,-9.999999776E-03,-2.799999952E+00, 1.240000010E+00, 2.918055420E+02
         1,-3.000000119E-01,-1.549999833E+00, 1.720000029E+00, 2.950234680E+02
         1,-1.000000047E-03, 1.599999964E-01, 1.389999986E+00, 2.926401978E+02
         1,-7.200000286E-01, 5.699999928E-01, 1.820000052E+00, 3.013949585E+02
         1,-4.199999869E-01,-1.199999973E-01, 1.240000010E+00, 2.932270203E+02
         1,-1.299999952E+00,-1.480000138E+00, 1.799999952E+00, 2.892798157E+02
         1,-1.500000000E+00, 3.000000119E-01, 1.399999976E+00, 2.867875977E+02
         1, 1.000000015E-01,-7.500000000E-01, 1.779999971E+00, 2.903943176E+02
         1, 1.299999803E-01,-2.299999714E+00, 1.299999833E+00, 2.872608948E+02
         1, 1.000000089E-01, 2.300000340E-01, 1.780000091E+00, 2.905144958E+02
         1, 1.299999952E-01,-4.230000019E+00, 7.000000030E-02, 2.870972900E+02
         1,-7.300000191E-01,-2.119999886E+00, 1.519999981E+00, 3.035266724E+02
         1, 1.000000089E-01,-6.999999881E-01, 6.000000238E-01, 2.870735474E+02
         1, 1.500000060E-01,-2.500000238E+00, 6.000000834E-01, 2.872327881E+02
         1,-6.200000048E-01,-2.880000114E+00, 1.870000005E+00, 2.926068726E+02
         1,-1.100000024E+00,-4.170000076E+00, 1.789999962E+00, 2.875123596E+02
         1,-1.299999952E+00,-2.550000191E+00, 1.580000043E+00, 2.890555725E+02
         1, 1.299999952E-01,-3.799999714E+00, 1.299999952E+00, 2.871822510E+02
