cellnumber,    x-coordinate,    y-coordinate,    z-coordinate,total-temperature
         1,-6.200000048E-01,-3.900000095E+00, 1.480000019E+00, 3.074552307E+02
         1,-4.299999774E-01,-3.019999981E+00, 1.090000048E-01, 3.077445068E+02
         1,-6.199999452E-01,-3.200000048E+00, 8.799999952E-01, 3.076121216E+02
         1,-2.000002004E-02,-3.579999924E+00, 4.800000489E-01, 3.064824219E+02
         1,-6.400000453E-01,-4.050000191E+00, 5.199999809E-01, 2.933923950E+02
         1,-3.000000119E-01,-4.030000687E+00, 1.000000071E-02, 2.870125427E+02
         1,-9.299998879E-01,-4.449999809E+00, 8.799999952E-01, 3.071005859E+02
         1,-1.200000048E+00,-3.099999905E+00, 1.500000060E-01, 2.871784058E+02
         1,-1.200000048E+00,-4.199999809E+00, 4.999999702E-01, 2.867372131E+02
         1, 1.299999952E-01,-3.549999714E+00, 7.000000775E-02, 2.881688538E+02
         1,-9.200000763E-01,-3.599999905E+00, 1.779999971E+00, 3.078731384E+02
         1,-8.199999928E-01, 7.000000030E-02, 7.999999523E-01, 3.078062439E+02
         1,-3.100000024E-01, 5.600000024E-01, 7.999999076E-02, 3.077640686E+02
         1,-3.300000131E-01, 7.999999821E-02, 5.600000024E-01, 3.077739868E+02
         1,-6.200000048E-01,-2.499999851E-01, 8.000000119E-01, 3.068593750E+02
         1,-5.299999714E-01,-5.799999833E-01, 9.999999776E-03, 3.075938110E+02
         1,-9.999999776E-03,-7.500000000E-01, 3.899999857E-01, 3.076247559E+02
         1,-1.300000072E+00, 4.000000060E-01, 9.999998845E-03, 2.878452759E+02
         1,-1.399999976E+00,-5.199999809E-01, 5.000000000E-01, 2.872428894E+02
         1, 1.000000015E-01, 2.000000179E-01, 6.000000834E-01, 2.911755066E+02
         1,-8.199999928E-01,-1.700000048E+00, 8.000000119E-01, 3.077808838E+02
         1,-3.000000119E-01,-4.230000019E+00, 1.389999866E+00, 3.069475708E+02
         1,-1.999999955E-02,-1.230000138E+00, 8.000000119E-01, 3.077644348E+02
         1,-6.200000048E-01,-1.230000019E+00, 3.199999928E-01, 3.078128967E+02
         1,-7.200000286E-01,-2.400000095E+00, 3.199999928E-01, 3.078789368E+02
         1,-9.200000167E-01,-2.680000067E+00, 9.999999776E-03, 3.071229248E+02
         1,-9.999999776E-03,-2.450000048E+00, 8.799999952E-01, 3.072534180E+02
         1,-1.399999976E+00,-1.580000043E+00, 6.000000238E-01, 2.897642822E+02
         1,-1.250000119E+00,-2.400000095E+00, 2.500000000E-01, 2.873461304E+02
         1, 1.500000060E-01,-1.600000024E+00, 6.000000238E-01, 2.884561462E+02
         1,-6.199999452E-01,-1.320000052E+00, 1.330000043E+00, 3.076564331E+02
         1,-9.300000072E-01,-9.200000167E-01, 1.480000019E+00, 3.070689392E+02
         1,-9.999999776E-03,-2.799999952E+00, 1.240000010E+00, 3.070268860E+02
         1,-3.000000119E-01,-1.549999833E+00, 1.720000029E+00, 3.072809448E+02
         1,-1.000000047E-03, 1.599999964E-01, 1.389999986E+00, 3.073884277E+02
         1,-7.200000286E-01, 5.699999928E-01, 1.820000052E+00, 3.078071289E+02
         1,-4.199999869E-01,-1.199999973E-01, 1.240000010E+00, 3.069169617E+02
         1,-1.299999952E+00,-1.480000138E+00, 1.799999952E+00, 2.945435181E+02
         1,-1.500000000E+00, 3.000000119E-01, 1.399999976E+00, 2.870011902E+02
         1, 1.000000015E-01,-7.500000000E-01, 1.779999971E+00, 3.077966614E+02
         1, 1.299999803E-01,-2.299999714E+00, 1.299999833E+00, 2.932191467E+02
         1, 1.000000089E-01, 2.300000340E-01, 1.780000091E+00, 3.077850342E+02
         1, 1.299999952E-01,-4.230000019E+00, 7.000000030E-02, 2.873287964E+02
         1,-7.300000191E-01,-2.119999886E+00, 1.519999981E+00, 3.077566528E+02
         1, 1.000000089E-01,-6.999999881E-01, 6.000000238E-01, 2.907560730E+02
         1, 1.500000060E-01,-2.500000238E+00, 6.000000834E-01, 2.871434326E+02
         1,-6.200000048E-01,-2.880000114E+00, 1.870000005E+00, 3.072901917E+02
         1,-1.100000024E+00,-4.170000076E+00, 1.789999962E+00, 2.934848938E+02
         1,-1.299999952E+00,-2.550000191E+00, 1.580000043E+00, 2.878318787E+02
         1, 1.299999952E-01,-3.799999714E+00, 1.299999952E+00, 2.894946289E+02
