cellnumber,    x-coordinate,    y-coordinate,    z-coordinate,total-temperature
         1,-6.200000048E-01,-3.900000095E+00, 1.480000019E+00, 2.996855469E+02
         1,-4.299999774E-01,-3.019999981E+00, 1.090000048E-01, 2.974791260E+02
         1,-6.199999452E-01,-3.200000048E+00, 8.799999952E-01, 2.996847534E+02
         1,-2.000002004E-02,-3.579999924E+00, 4.800000489E-01, 2.935823975E+02
         1,-6.400000453E-01,-4.050000191E+00, 5.199999809E-01, 2.943858032E+02
         1,-3.000000119E-01,-4.030000687E+00, 1.000000071E-02, 2.878341675E+02
         1,-9.299998879E-01,-4.449999809E+00, 8.799999952E-01, 2.940198059E+02
         1,-1.200000048E+00,-3.099999905E+00, 1.500000060E-01, 2.875253906E+02
         1,-1.200000048E+00,-4.199999809E+00, 4.999999702E-01, 2.877180786E+02
         1, 1.299999952E-01,-3.549999714E+00, 7.000000775E-02, 2.875603333E+02
         1,-9.200000763E-01,-3.599999905E+00, 1.779999971E+00, 3.007723083E+02
         1,-8.199999928E-01, 7.000000030E-02, 7.999999523E-01, 3.024549255E+02
         1,-3.100000024E-01, 5.600000024E-01, 7.999999076E-02, 2.971373291E+02
         1,-3.300000131E-01, 7.999999821E-02, 5.600000024E-01, 3.006029663E+02
         1,-6.200000048E-01,-2.499999851E-01, 8.000000119E-01, 2.968949890E+02
         1,-5.299999714E-01,-5.799999833E-01, 9.999999776E-03, 2.953253784E+02
         1,-9.999999776E-03,-7.500000000E-01, 3.899999857E-01, 2.943549500E+02
         1,-1.300000072E+00, 4.000000060E-01, 9.999998845E-03, 2.869645386E+02
         1,-1.399999976E+00,-5.199999809E-01, 5.000000000E-01, 2.876161804E+02
         1, 1.000000015E-01, 2.000000179E-01, 6.000000834E-01, 2.874637451E+02
         1,-8.199999928E-01,-1.700000048E+00, 8.000000119E-01, 3.026794434E+02
         1,-3.000000119E-01,-4.230000019E+00, 1.389999866E+00, 2.914879456E+02
         1,-1.999999955E-02,-1.230000138E+00, 8.000000119E-01, 2.982064514E+02
         1,-6.200000048E-01,-1.230000019E+00, 3.199999928E-01, 3.009654846E+02
         1,-7.200000286E-01,-2.400000095E+00, 3.199999928E-01, 3.024349060E+02
         1,-9.200000167E-01,-2.680000067E+00, 9.999999776E-03, 2.917466431E+02
         1,-9.999999776E-03,-2.450000048E+00, 8.799999952E-01, 2.932073364E+02
         1,-1.399999976E+00,-1.580000043E+00, 6.000000238E-01, 2.887321167E+02
         1,-1.250000119E+00,-2.400000095E+00, 2.500000000E-01, 2.880142822E+02
         1, 1.500000060E-01,-1.600000024E+00, 6.000000238E-01, 2.875022583E+02
         1,-6.199999452E-01,-1.320000052E+00, 1.330000043E+00, 3.003201294E+02
         1,-9.300000072E-01,-9.200000167E-01, 1.480000019E+00, 2.990965881E+02
         1,-9.999999776E-03,-2.799999952E+00, 1.240000010E+00, 2.934445496E+02
         1,-3.000000119E-01,-1.549999833E+00, 1.720000029E+00, 2.970643921E+02
         1,-1.000000047E-03, 1.599999964E-01, 1.389999986E+00, 2.945166321E+02
         1,-7.200000286E-01, 5.699999928E-01, 1.820000052E+00, 3.024037170E+02
         1,-4.199999869E-01,-1.199999973E-01, 1.240000010E+00, 2.950727844E+02
         1,-1.299999952E+00,-1.480000138E+00, 1.799999952E+00, 2.901554871E+02
         1,-1.500000000E+00, 3.000000119E-01, 1.399999976E+00, 2.869420166E+02
         1, 1.000000015E-01,-7.500000000E-01, 1.779999971E+00, 2.922217102E+02
         1, 1.299999803E-01,-2.299999714E+00, 1.299999833E+00, 2.878040771E+02
         1, 1.000000089E-01, 2.300000340E-01, 1.780000091E+00, 2.925157471E+02
         1, 1.299999952E-01,-4.230000019E+00, 7.000000030E-02, 2.874735718E+02
         1,-7.300000191E-01,-2.119999886E+00, 1.519999981E+00, 3.047819519E+02
         1, 1.000000089E-01,-6.999999881E-01, 6.000000238E-01, 2.874246826E+02
         1, 1.500000060E-01,-2.500000238E+00, 6.000000834E-01, 2.874878540E+02
         1,-6.200000048E-01,-2.880000114E+00, 1.870000005E+00, 2.946202698E+02
         1,-1.100000024E+00,-4.170000076E+00, 1.789999962E+00, 2.879287109E+02
         1,-1.299999952E+00,-2.550000191E+00, 1.580000043E+00, 2.900340576E+02
         1, 1.299999952E-01,-3.799999714E+00, 1.299999952E+00, 2.874574890E+02
