cellnumber,    x-coordinate,    y-coordinate,    z-coordinate,total-temperature
         1,-6.200000048E-01,-3.900000095E+00, 1.480000019E+00, 2.861499329E+02
         1,-4.299999774E-01,-3.019999981E+00, 1.090000048E-01, 2.908453064E+02
         1,-6.199999452E-01,-3.200000048E+00, 8.799999952E-01, 2.900025330E+02
         1,-2.000209130E-02,-3.580000162E+00, 4.799999893E-01, 2.864859924E+02
         1,-6.400000453E-01,-4.050000191E+00, 5.199999809E-01, 2.845271912E+02
         1,-3.000000119E-01,-4.030000210E+00, 9.999999776E-03, 2.845157776E+02
         1,-9.300044775E-01,-4.449999809E+00, 8.800000548E-01, 2.863139954E+02
         1,-1.200000048E+00,-3.099999666E+00, 1.499999911E-01, 2.857115784E+02
         1,-1.200000048E+00,-4.199999809E+00, 5.000000000E-01, 2.852899780E+02
         1, 1.299999952E-01,-3.549999952E+00, 7.000000030E-02, 2.838476868E+02
         1,-9.200000167E-01,-3.599999905E+00, 1.779999971E+00, 2.898356018E+02
         1,-8.199999928E-01, 7.000000030E-02, 8.000000119E-01, 2.874183655E+02
         1,-3.099999726E-01, 5.600000024E-01, 7.999999821E-02, 2.880946960E+02
         1,-3.300000131E-01, 7.999991626E-02, 5.600000024E-01, 2.866750488E+02
         1,-6.200000048E-01,-2.500000000E-01, 7.999999523E-01, 2.883221741E+02
         1,-5.299999714E-01,-5.799999833E-01, 1.000000071E-02, 2.874424744E+02
         1,-1.000798121E-02,-7.500000000E-01, 3.899999857E-01, 2.858363342E+02
         1,-1.299999952E+00, 4.000000060E-01, 9.999998845E-03, 2.847635803E+02
         1,-1.399999857E+00,-5.199999809E-01, 4.999999702E-01, 2.844502869E+02
         1, 1.000000015E-01, 1.999999881E-01, 6.000000238E-01, 2.857517700E+02
         1,-8.199999928E-01,-1.700000048E+00, 8.000000119E-01, 2.887046509E+02
         1,-2.999999821E-01,-4.230000019E+00, 1.389999866E+00, 2.845812683E+02
         1,-1.999999955E-02,-1.230000019E+00, 8.000000119E-01, 2.869558105E+02
         1,-6.200000048E-01,-1.230000019E+00, 3.199999928E-01, 2.881216125E+02
         1,-7.200000286E-01,-2.400000095E+00, 3.199999928E-01, 2.892197571E+02
         1,-9.200001359E-01,-2.680000067E+00, 9.999999776E-03, 2.871045837E+02
         1,-1.001500897E-02,-2.450000048E+00, 8.799999952E-01, 2.861088562E+02
         1,-1.399999857E+00,-1.579999924E+00, 5.999999642E-01, 2.844546509E+02
         1,-1.250000119E+00,-2.400000572E+00, 2.500000298E-01, 2.849229126E+02
         1, 1.500000209E-01,-1.600000143E+00, 6.000000238E-01, 2.839697876E+02
         1,-6.199999452E-01,-1.320000052E+00, 1.330000043E+00, 2.888417053E+02
         1,-9.299999475E-01,-9.200000167E-01, 1.480000019E+00, 2.877925110E+02
         1,-9.999820963E-03,-2.799999952E+00, 1.240000010E+00, 2.865759277E+02
         1,-3.000000417E-01,-1.549999952E+00, 1.720000029E+00, 2.884488220E+02
         1,-1.001112047E-03, 1.599999964E-01, 1.389999986E+00, 2.887926636E+02
         1,-7.200000286E-01, 5.699999928E-01, 1.820000052E+00, 2.896362305E+02
         1,-4.200015366E-01,-1.199999973E-01, 1.240000010E+00, 2.873919678E+02
         1,-1.299999952E+00,-1.480000019E+00, 1.799999952E+00, 2.852495728E+02
         1,-1.499999881E+00, 2.999999821E-01, 1.399999857E+00, 2.849129944E+02
         1, 1.000000015E-01,-7.500000000E-01, 1.780000091E+00, 2.844708557E+02
         1, 1.299999952E-01,-2.299999952E+00, 1.299999952E+00, 2.840776978E+02
         1, 1.000000089E-01, 2.300000042E-01, 1.779999971E+00, 2.851280823E+02
         1, 1.299999952E-01,-4.230000019E+00, 7.000000030E-02, 2.837298889E+02
         1,-7.300000191E-01,-2.119999886E+00, 1.519999981E+00, 2.908622742E+02
         1, 1.000000015E-01,-6.999999881E-01, 6.000000238E-01, 2.845539856E+02
         1, 1.500000060E-01,-2.500000238E+00, 6.000000834E-01, 2.839132080E+02
         1,-6.200000048E-01,-2.880000114E+00, 1.870000005E+00, 2.897201843E+02
         1,-1.100000024E+00,-4.170000076E+00, 1.789999962E+00, 2.851274109E+02
         1,-1.299999952E+00,-2.549999952E+00, 1.580000043E+00, 2.858378296E+02
         1, 1.299999952E-01,-3.799999952E+00, 1.299999952E+00, 2.841831970E+02
