cellnumber,    x-coordinate,    y-coordinate,    z-coordinate,total-temperature
         1,-6.200000048E-01,-3.900000095E+00, 1.480000019E+00, 2.873821411E+02
         1,-4.299999774E-01,-3.019999981E+00, 1.090000048E-01, 2.909293213E+02
         1,-6.199999452E-01,-3.200000048E+00, 8.799999952E-01, 2.913862610E+02
         1,-2.000209130E-02,-3.580000162E+00, 4.799999893E-01, 2.871861267E+02
         1,-6.400000453E-01,-4.050000191E+00, 5.199999809E-01, 2.851197510E+02
         1,-3.000000119E-01,-4.030000210E+00, 9.999999776E-03, 2.849813843E+02
         1,-9.300044775E-01,-4.449999809E+00, 8.800000548E-01, 2.872122192E+02
         1,-1.200000048E+00,-3.099999666E+00, 1.499999911E-01, 2.860862122E+02
         1,-1.200000048E+00,-4.199999809E+00, 5.000000000E-01, 2.858639832E+02
         1, 1.299999952E-01,-3.549999952E+00, 7.000000030E-02, 2.840362244E+02
         1,-9.200000167E-01,-3.599999905E+00, 1.779999971E+00, 2.910372925E+02
         1,-8.199999928E-01, 7.000000030E-02, 8.000000119E-01, 2.889956665E+02
         1,-3.099999726E-01, 5.600000024E-01, 7.999999821E-02, 2.886036377E+02
         1,-3.300000131E-01, 7.999991626E-02, 5.600000024E-01, 2.879389038E+02
         1,-6.200000048E-01,-2.500000000E-01, 7.999999523E-01, 2.890486755E+02
         1,-5.299999714E-01,-5.799999833E-01, 1.000000071E-02, 2.886090393E+02
         1,-1.000798121E-02,-7.500000000E-01, 3.899999857E-01, 2.865403442E+02
         1,-1.299999952E+00, 4.000000060E-01, 9.999998845E-03, 2.851539307E+02
         1,-1.399999857E+00,-5.199999809E-01, 4.999999702E-01, 2.847652588E+02
         1, 1.000000015E-01, 1.999999881E-01, 6.000000238E-01, 2.864340210E+02
         1,-8.199999928E-01,-1.700000048E+00, 8.000000119E-01, 2.903968506E+02
         1,-2.999999821E-01,-4.230000019E+00, 1.389999866E+00, 2.849721069E+02
         1,-1.999999955E-02,-1.230000019E+00, 8.000000119E-01, 2.879363098E+02
         1,-6.200000048E-01,-1.230000019E+00, 3.199999928E-01, 2.892597656E+02
         1,-7.200000286E-01,-2.400000095E+00, 3.199999928E-01, 2.907489929E+02
         1,-9.200001359E-01,-2.680000067E+00, 9.999999776E-03, 2.877589722E+02
         1,-1.001500897E-02,-2.450000048E+00, 8.799999952E-01, 2.868332214E+02
         1,-1.399999857E+00,-1.579999924E+00, 5.999999642E-01, 2.847972107E+02
         1,-1.250000119E+00,-2.400000572E+00, 2.500000298E-01, 2.853507080E+02
         1, 1.500000209E-01,-1.600000143E+00, 6.000000238E-01, 2.842194214E+02
         1,-6.199999452E-01,-1.320000052E+00, 1.330000043E+00, 2.903044434E+02
         1,-9.299999475E-01,-9.200000167E-01, 1.480000019E+00, 2.891842346E+02
         1,-9.999820963E-03,-2.799999952E+00, 1.240000010E+00, 2.873125916E+02
         1,-3.000000417E-01,-1.549999952E+00, 1.720000029E+00, 2.894693909E+02
         1,-1.001112047E-03, 1.599999964E-01, 1.389999986E+00, 2.898165894E+02
         1,-7.200000286E-01, 5.699999928E-01, 1.820000052E+00, 2.908694458E+02
         1,-4.200015366E-01,-1.199999973E-01, 1.240000010E+00, 2.884900818E+02
         1,-1.299999952E+00,-1.480000019E+00, 1.799999952E+00, 2.857590332E+02
         1,-1.499999881E+00, 2.999999821E-01, 1.399999857E+00, 2.853284912E+02
         1, 1.000000015E-01,-7.500000000E-01, 1.780000091E+00, 2.847438660E+02
         1, 1.299999952E-01,-2.299999952E+00, 1.299999952E+00, 2.843205261E+02
         1, 1.000000089E-01, 2.300000042E-01, 1.779999971E+00, 2.853637085E+02
         1, 1.299999952E-01,-4.230000019E+00, 7.000000030E-02, 2.838825378E+02
         1,-7.300000191E-01,-2.119999886E+00, 1.519999981E+00, 2.923808289E+02
         1, 1.000000015E-01,-6.999999881E-01, 6.000000238E-01, 2.849527893E+02
         1, 1.500000060E-01,-2.500000238E+00, 6.000000834E-01, 2.841460266E+02
         1,-6.200000048E-01,-2.880000114E+00, 1.870000005E+00, 2.904165649E+02
         1,-1.100000024E+00,-4.170000076E+00, 1.789999962E+00, 2.856925049E+02
         1,-1.299999952E+00,-2.549999952E+00, 1.580000043E+00, 2.865279236E+02
         1, 1.299999952E-01,-3.799999952E+00, 1.299999952E+00, 2.844547119E+02
