cellnumber,    x-coordinate,    y-coordinate,    z-coordinate,total-temperature
         1,-6.200000048E-01,-3.900000095E+00, 1.480000019E+00, 2.839253845E+02
         1,-4.299999774E-01,-3.019999981E+00, 1.090000048E-01, 2.871413574E+02
         1,-6.199999452E-01,-3.200000048E+00, 8.799999952E-01, 2.850906677E+02
         1,-2.000209130E-02,-3.580000162E+00, 4.799999893E-01, 2.842184448E+02
         1,-6.400000453E-01,-4.050000191E+00, 5.199999809E-01, 2.834836426E+02
         1,-3.000000119E-01,-4.030000210E+00, 9.999999776E-03, 2.835220947E+02
         1,-9.300044775E-01,-4.449999809E+00, 8.800000548E-01, 2.840645447E+02
         1,-1.200000048E+00,-3.099999666E+00, 1.499999911E-01, 2.839256287E+02
         1,-1.200000048E+00,-4.199999809E+00, 5.000000000E-01, 2.837237549E+02
         1, 1.299999952E-01,-3.549999952E+00, 7.000000030E-02, 2.832781982E+02
         1,-9.200000167E-01,-3.599999905E+00, 1.779999971E+00, 2.852784119E+02
         1,-8.199999928E-01, 7.000000030E-02, 8.000000119E-01, 2.843003235E+02
         1,-3.099999726E-01, 5.600000024E-01, 7.999999821E-02, 2.849425659E+02
         1,-3.300000131E-01, 7.999991626E-02, 5.600000024E-01, 2.841696472E+02
         1,-6.200000048E-01,-2.500000000E-01, 7.999999523E-01, 2.847416077E+02
         1,-5.299999714E-01,-5.799999833E-01, 1.000000071E-02, 2.844070740E+02
         1,-1.000798121E-02,-7.500000000E-01, 3.899999857E-01, 2.840066833E+02
         1,-1.299999952E+00, 4.000000060E-01, 9.999998845E-03, 2.835836487E+02
         1,-1.399999857E+00,-5.199999809E-01, 4.999999702E-01, 2.834762878E+02
         1, 1.000000015E-01, 1.999999881E-01, 6.000000238E-01, 2.838807068E+02
         1,-8.199999928E-01,-1.700000048E+00, 8.000000119E-01, 2.846059875E+02
         1,-2.999999821E-01,-4.230000019E+00, 1.389999866E+00, 2.835592957E+02
         1,-1.999999955E-02,-1.230000019E+00, 8.000000119E-01, 2.843377380E+02
         1,-6.200000048E-01,-1.230000019E+00, 3.199999928E-01, 2.847998962E+02
         1,-7.200000286E-01,-2.400000095E+00, 3.199999928E-01, 2.848463745E+02
         1,-9.200001359E-01,-2.680000067E+00, 9.999999776E-03, 2.845129395E+02
         1,-1.001500897E-02,-2.450000048E+00, 8.799999952E-01, 2.840385742E+02
         1,-1.399999857E+00,-1.579999924E+00, 5.999999642E-01, 2.834671021E+02
         1,-1.250000119E+00,-2.400000572E+00, 2.500000298E-01, 2.836184082E+02
         1, 1.500000209E-01,-1.600000143E+00, 6.000000238E-01, 2.833081665E+02
         1,-6.199999452E-01,-1.320000052E+00, 1.330000043E+00, 2.846610107E+02
         1,-9.299999475E-01,-9.200000167E-01, 1.480000019E+00, 2.843712158E+02
         1,-9.999820963E-03,-2.799999952E+00, 1.240000010E+00, 2.842030334E+02
         1,-3.000000417E-01,-1.549999952E+00, 1.720000029E+00, 2.847142944E+02
         1,-1.001112047E-03, 1.599999964E-01, 1.389999986E+00, 2.848032532E+02
         1,-7.200000286E-01, 5.699999928E-01, 1.820000052E+00, 2.849102173E+02
         1,-4.200015366E-01,-1.199999973E-01, 1.240000010E+00, 2.844169006E+02
         1,-1.299999952E+00,-1.480000019E+00, 1.799999952E+00, 2.837143250E+02
         1,-1.499999881E+00, 2.999999821E-01, 1.399999857E+00, 2.836053162E+02
         1, 1.000000015E-01,-7.500000000E-01, 1.780000091E+00, 2.834290466E+02
         1, 1.299999952E-01,-2.299999952E+00, 1.299999952E+00, 2.833399048E+02
         1, 1.000000089E-01, 2.300000042E-01, 1.779999971E+00, 2.836178894E+02
         1, 1.299999952E-01,-4.230000019E+00, 7.000000030E-02, 2.832426147E+02
         1,-7.300000191E-01,-2.119999886E+00, 1.519999981E+00, 2.853152771E+02
         1, 1.000000015E-01,-6.999999881E-01, 6.000000238E-01, 2.834932251E+02
         1, 1.500000060E-01,-2.500000238E+00, 6.000000834E-01, 2.832914124E+02
         1,-6.200000048E-01,-2.880000114E+00, 1.870000005E+00, 2.853703918E+02
         1,-1.100000024E+00,-4.170000076E+00, 1.789999962E+00, 2.836886902E+02
         1,-1.299999952E+00,-2.549999952E+00, 1.580000043E+00, 2.838964844E+02
         1, 1.299999952E-01,-3.799999952E+00, 1.299999952E+00, 2.833618164E+02
